#time	operator	index	value
0	Z	1	1
0	Z	2	1
0	Z	3	1
0	Z	4	1
0	Z	5	1
0	Z	6	1
0	Z	7	1
0	Z	8	1
0	Z	9	1
0	Z	10	1
0	Z	11	1
0	Z	12	1
0	Z	13	1
0	Z	14	1
0	Z	15	1
0	Z	16	-1
0	Z	17	-1
0	Z	18	-1
0	Z	19	-1
0	Z	20	-1
0	Z	21	-1
0	Z	22	-1
0	Z	23	-1
0	Z	24	-1
0	Z	25	-1
0	Z	26	-1
0	Z	27	-1
0	Z	28	-1
0	Z	29	-1
0	Z	30	-1

0.1	Z	1	0.980198673307292
0.1	Z	2	0.980198673307292
0.1	Z	3	0.980198673307292
0.1	Z	4	0.980198673307292
0.1	Z	5	0.980198673307292
0.1	Z	6	0.980198673307292
0.1	Z	7	0.980198673307292
0.1	Z	8	0.980198673307292
0.1	Z	9	0.980198673307292
0.1	Z	10	0.980198673307294
0.1	Z	11	0.980198673304247
0.1	Z	12	0.980198671236549
0.1	Z	13	0.980195334733082
0.1	Z	14	0.979435629982155
0.1	Z	15	0.905105253632585
0.1	Z	16	-0.905102800984405
0.1	Z	17	-0.979438055808652
0.1	Z	18	-0.980195362490057
0.1	Z	19	-0.980198673504318
0.1	Z	20	-0.98019867330732
0.1	Z	21	-0.980198673307292
0.1	Z	22	-0.980198673307292
0.1	Z	23	-0.980198673307292
0.1	Z	24	-0.980198673307292
0.1	Z	25	-0.980198673307292
0.1	Z	26	-0.980198673307292
0.1	Z	27	-0.980198673307292
0.1	Z	28	-0.980198673307292
0.1	Z	29	-0.980198673307292
0.1	Z	30	-0.980198673307292

0.2	Z	1	0.960789439153375
0.2	Z	2	0.960789439153375
0.2	Z	3	0.960789439153375
0.2	Z	4	0.960789439153375
0.2	Z	5	0.960789439153376
0.2	Z	6	0.960789439153376
0.2	Z	7	0.960789439153376
0.2	Z	8	0.960789439153376
0.2	Z	9	0.960789439153404
0.2	Z	10	0.960789439169743
0.2	Z	11	0.960789431595434
0.2	Z	12	0.96078748770068
0.2	Z	13	0.960590962435716
0.2	Z	14	0.949951000634711
0.2	Z	15	0.701766555680702
0.2	Z	16	-0.701760746232727
0.2	Z	17	-0.949956347377441
0.2	Z	18	-0.960591403763697
0.2	Z	19	-0.960787503336348
0.2	Z	20	-0.960789433116717
0.2	Z	21	-0.96078943916621
0.2	Z	22	-0.960789439153396
0.2	Z	23	-0.960789439153376
0.2	Z	24	-0.960789439153376
0.2	Z	25	-0.960789439153376
0.2	Z	26	-0.960789439153376
0.2	Z	27	-0.960789439153376
0.2	Z	28	-0.960789439153376
0.2	Z	29	-0.960789439153376
0.2	Z	30	-0.960789439153376

0.3	Z	1	0.941764533585795
0.3	Z	2	0.941764533585795
0.3	Z	3	0.941764533585795
0.3	Z	4	0.941764533585795
0.3	Z	5	0.941764533585795
0.3	Z	6	0.941764533585796
0.3	Z	7	0.941764533585795
0.3	Z	8	0.941764533585524
0.3	Z	9	0.941764533526044
0.3	Z	10	0.94176453031279
0.3	Z	11	0.941763879684077
0.3	Z	12	0.941718859338581
0.3	Z	13	0.939805207691517
0.3	Z	14	0.895830436322873
0.3	Z	15	0.478929453695815
0.3	Z	16	-0.478923831457112
0.3	Z	17	-0.895834571219493
0.3	Z	18	-0.939806565150925
0.3	Z	19	-0.941718968893184
0.3	Z	20	-0.94176388555806
0.3	Z	21	-0.941764529589925
0.3	Z	22	-0.941764533567946
0.3	Z	23	-0.941764533585716
0.3	Z	24	-0.941764533585796
0.3	Z	25	-0.941764533585796
0.3	Z	26	-0.941764533585796
0.3	Z	27	-0.941764533585796
0.3	Z	28	-0.941764533585796
0.3	Z	29	-0.941764533585796
0.3	Z	30	-0.941764533585796

0.4	Z	1	0.923116278759248
0.4	Z	2	0.923116278759248
0.4	Z	3	0.923116278759248
0.4	Z	4	0.923116278759248
0.4	Z	5	0.923116278759248
0.4	Z	6	0.923116278759248
0.4	Z	7	0.923116278756858
0.4	Z	8	0.923116278749339
0.4	Z	9	0.923116277377228
0.4	Z	10	0.923116117434967
0.4	Z	11	0.923105865123628
0.4	Z	12	0.922725532606459
0.4	Z	13	0.914023764867257
0.4	Z	14	0.809036399545062
0.4	Z	15	0.317666912748304
0.4	Z	16	-0.317665267368971
0.4	Z	17	-0.809036083311945
0.4	Z	18	-0.914025266774302
0.4	Z	19	-0.922725935126278
0.4	Z	20	-0.923105901074031
0.4	Z	21	-0.923116120430595
0.4	Z	22	-0.923116277401572
0.4	Z	23	-0.923116278751484
0.4	Z	24	-0.923116278759285
0.4	Z	25	-0.923116278759248
0.4	Z	26	-0.923116278759248
0.4	Z	27	-0.923116278759248
0.4	Z	28	-0.923116278759248
0.4	Z	29	-0.923116278759248
0.4	Z	30	-0.923116278759248

0.5	Z	1	0.904837418038437
0.5	Z	2	0.904837418038437
0.5	Z	3	0.904837418038437
0.5	Z	4	0.904837418038437
0.5	Z	5	0.904837418038437
0.5	Z	6	0.904837418038409
0.5	Z	7	0.904837418031904
0.5	Z	8	0.9048374175551
0.5	Z	9	0.904837370530866
0.5	Z	10	0.904835050033783
0.5	Z	11	0.904755000524306
0.5	Z	12	0.902926009852059
0.5	Z	13	0.877584449622393
0.5	Z	14	0.699699641025167
0.5	Z	15	0.250706277111852
0.5	Z	16	-0.250708088395261
0.5	Z	17	-0.699697713161325
0.5	Z	18	-0.877583744190926
0.5	Z	19	-0.902926681214046
0.5	Z	20	-0.904755122880176
0.5	Z	21	-0.904835053396937
0.5	Z	22	-0.904837371074245
0.5	Z	23	-0.904837417488493
0.5	Z	24	-0.904837418035554
0.5	Z	25	-0.90483741803844
0.5	Z	26	-0.904837418038437
0.5	Z	27	-0.904837418038437
0.5	Z	28	-0.904837418038438
0.5	Z	29	-0.904837418038437
0.5	Z	30	-0.904837418038438

0.6	Z	1	0.886920436720072
0.6	Z	2	0.886920436720072
0.6	Z	3	0.886920436720072
0.6	Z	4	0.886920436720072
0.6	Z	5	0.886920436720098
0.6	Z	6	0.886920436718222
0.6	Z	7	0.886920436540699
0.6	Z	8	0.886920423148359
0.6	Z	9	0.886919888954074
0.6	Z	10	0.886902415986065
0.6	Z	11	0.886502984277988
0.6	Z	12	0.880450780567427
0.6	Z	13	0.826225200652847
0.6	Z	14	0.593334545492825
0.6	Z	15	0.255886766445945
0.6	Z	16	-0.255886691113407
0.6	Z	17	-0.593338940316588
0.6	Z	18	-0.826220378213799
0.6	Z	19	-0.88045096344169
0.6	Z	20	-0.886503246734625
0.6	Z	21	-0.886902445143227
0.6	Z	22	-0.886919890935742
0.6	Z	23	-0.886920424079368
0.6	Z	24	-0.886920436606963
0.6	Z	25	-0.886920436719068
0.6	Z	26	-0.886920436720098
0.6	Z	27	-0.886920436720072
0.6	Z	28	-0.886920436720073
0.6	Z	29	-0.886920436720073
0.6	Z	30	-0.886920436720073

0.7	Z	1	0.869358235402139
0.7	Z	2	0.869358235402139
0.7	Z	3	0.869358235402139
0.7	Z	4	0.869358235402149
0.7	Z	5	0.86935823540152
0.7	Z	6	0.869358235353698
0.7	Z	7	0.869358231663373
0.7	Z	8	0.869358104776085
0.7	Z	9	0.86935419101762
0.7	Z	10	0.869264560905088
0.7	Z	11	0.867819312830731
0.7	Z	12	0.852614183148496
0.7	Z	13	0.761232997512322
0.7	Z	14	0.516568490224652
0.7	Z	15	0.281002640632409
0.7	Z	16	-0.28099454254276
0.7	Z	17	-0.516585455130132
0.7	Z	18	-0.761225637877495
0.7	Z	19	-0.852612305921584
0.7	Z	20	-0.867819567338904
0.7	Z	21	-0.869264647437909
0.7	Z	22	-0.869354203788229
0.7	Z	23	-0.869358103655897
0.7	Z	24	-0.869358233164304
0.7	Z	25	-0.869358235387243
0.7	Z	26	-0.869358235401974
0.7	Z	27	-0.869358235402149
0.7	Z	28	-0.869358235402139
0.7	Z	29	-0.869358235402139
0.7	Z	30	-0.869358235402139

0.8	Z	1	0.852143749130756
0.8	Z	2	0.852143749130756
0.8	Z	3	0.852143749130758
0.8	Z	4	0.852143749130677
0.8	Z	5	0.852143749124359
0.8	Z	6	0.852143748632141
0.8	Z	7	0.852143719600527
0.8	Z	8	0.852142811449989
0.8	Z	9	0.852122290830199
0.8	Z	10	0.851775721878593
0.8	Z	11	0.847693492598319
0.8	Z	12	0.817013657853736
0.8	Z	13	0.691228064019132
0.8	Z	14	0.481347953686084
0.8	Z	15	0.279719271040279
0.8	Z	16	-0.279701167845464
0.8	Z	17	-0.481375367506026
0.8	Z	18	-0.691224238916395
0.8	Z	19	-0.817008329265426
0.8	Z	20	-0.847693142137232
0.8	Z	21	-0.851775857272908
0.8	Z	22	-0.852122331977828
0.8	Z	23	-0.852142809935403
0.8	Z	24	-0.852143721255597
0.8	Z	25	-0.852143748705084
0.8	Z	26	-0.852143749127182
0.8	Z	27	-0.852143749130922
0.8	Z	28	-0.852143749130757
0.8	Z	29	-0.852143749130754
0.8	Z	30	-0.852143749130754

0.9	Z	1	0.835270211415389
0.9	Z	2	0.835270211415389
0.9	Z	3	0.835270211415409
0.9	Z	4	0.835270211413649
0.9	Z	5	0.835270211294789
0.9	Z	6	0.835270204458412
0.9	Z	7	0.835269997194314
0.9	Z	8	0.835265198084869
0.9	Z	9	0.835181568344183
0.9	Z	10	0.834110906186665
0.9	Z	11	0.824686529246783
0.9	Z	12	0.773282963621549
0.9	Z	13	0.62940018310785
0.9	Z	14	0.478258063435169
0.9	Z	15	0.236291007050618
0.9	Z	16	-0.236267097879919
0.9	Z	17	-0.478284765523731
0.9	Z	18	-0.629407548866539
0.9	Z	19	-0.773274736850524
0.9	Z	20	-0.824684495656072
0.9	Z	21	-0.834110922915881
0.9	Z	22	-0.83518163765868
0.9	Z	23	-0.835265198380737
0.9	Z	24	-0.835269997287647
0.9	Z	25	-0.835270204611958
0.9	Z	26	-0.835270211284159
0.9	Z	27	-0.835270211413773
0.9	Z	28	-0.83527021141541
0.9	Z	29	-0.835270211415389
0.9	Z	30	-0.835270211415389

1	Z	1	0.818730753082466
1	Z	2	0.818730753082479
1	Z	3	0.818730753082301
1	Z	4	0.818730753046602
1	Z	5	0.818730751297875
1	Z	6	0.81873070397004
1	Z	7	0.818729570981566
1	Z	8	0.81870921645298
1	Z	9	0.818431780402867
1	Z	10	0.815686677300887
1	Z	11	0.797370429216743
1	Z	12	0.724472285894398
1	Z	13	0.587084614732445
1	Z	14	0.48293677941943
1	Z	15	0.167705159208399
1	Z	16	-0.167683538013934
1	Z	17	-0.482948850217479
1	Z	18	-0.587106749887665
1	Z	19	-0.724464924161591
1	Z	20	-0.797365672677964
1	Z	21	-0.81568612092615
1	Z	22	-0.818431842310158
1	Z	23	-0.818709226902704
1	Z	24	-0.818729569343475
1	Z	25	-0.818730704895157
1	Z	26	-0.818730751118452
1	Z	27	-0.818730753026663
1	Z	28	-0.818730753082074
1	Z	29	-0.818730753082495
1	Z	30	-0.818730753082467

1.1	Z	1	0.802518797967317
1.1	Z	2	0.802518797967304
1.1	Z	3	0.802518797963651
1.1	Z	4	0.80251879767413
1.1	Z	5	0.802518784957055
1.1	Z	6	0.802518518887557
1.1	Z	7	0.802513520407317
1.1	Z	8	0.802441976552476
1.1	Z	9	0.801668002693945
1.1	Z	10	0.795673622646464
1.1	Z	11	0.765134412359
1.1	Z	12	0.676852735325164
1.1	Z	13	0.56737965035982
1.1	Z	14	0.470896362450212
1.1	Z	15	0.106630028557095
1.1	Z	16	-0.106617843219576
1.1	Z	17	-0.470886195286042
1.1	Z	18	-0.567411707898157
1.1	Z	19	-0.676852399806311
1.1	Z	20	-0.76512697178291
1.1	Z	21	-0.795671740332912
1.1	Z	22	-0.801667909483153
1.1	Z	23	-0.802441997281191
1.1	Z	24	-0.802513524385807
1.1	Z	25	-0.802518520857827
1.1	Z	26	-0.802518786717483
1.1	Z	27	-0.802518797503208
1.1	Z	28	-0.802518797957121
1.1	Z	29	-0.8025187979672
1.1	Z	30	-0.802518797967318

1.2	Z	1	0.786627818164106
1.2	Z	2	0.786627818163765
1.2	Z	3	0.786627818100484
1.2	Z	4	0.786627815172041
1.2	Z	5	0.786627749203157
1.2	Z	6	0.786626536753176
1.2	Z	7	0.786608089091022
1.2	Z	8	0.7863940698774
1.2	Z	9	0.784536615156873
1.2	Z	10	0.773189097263681
1.2	Z	11	0.729013645591364
1.2	Z	12	0.637681103236064
1.2	Z	13	0.562903967746008
1.2	Z	14	0.431259145661228
1.2	Z	15	0.0785530877311975
1.2	Z	16	-0.0785523491967907
1.2	Z	17	-0.431231038281174
1.2	Z	18	-0.562933337822319
1.2	Z	19	-0.637693125351102
1.2	Z	20	-0.729005647910125
1.2	Z	21	-0.773185111431949
1.2	Z	22	-0.784536023737325
1.2	Z	23	-0.786394066566044
1.2	Z	24	-0.786608095453584
1.2	Z	25	-0.786626537342445
1.2	Z	26	-0.786627750305491
1.2	Z	27	-0.78662781498786
1.2	Z	28	-0.786627818086935
1.2	Z	29	-0.786627818160109
1.2	Z	30	-0.786627818160883

1.3	Z	1	0.771051585812139
1.3	Z	2	0.771051585793027
1.3	Z	3	0.771051584910528
1.3	Z	4	0.771051569346026
1.3	Z	5	0.771051263932958
1.3	Z	6	0.771046506061728
1.3	Z	7	0.770987977292986
1.3	Z	8	0.770432445205241
1.3	Z	9	0.766534727899318
1.3	Z	10	0.747692295000348
1.3	Z	11	0.691982546809415
1.3	Z	12	0.611770509291713
1.3	Z	13	0.5593917132686
1.3	Z	14	0.371437185600557
1.3	Z	15	0.087323594566303
1.3	Z	16	-0.0873302473709817
1.3	Z	17	-0.371405549606339
1.3	Z	18	-0.559404210384674
1.3	Z	19	-0.61179529880429
1.3	Z	20	-0.691978254053845
1.3	Z	21	-0.747686033308204
1.3	Z	22	-0.76653310119764
1.3	Z	23	-0.770432294129182
1.3	Z	24	-0.770987982970073
1.3	Z	25	-0.771046506500606
1.3	Z	26	-0.771051263295691
1.3	Z	27	-0.771051569569125
1.3	Z	28	-0.771051584955561
1.3	Z	29	-0.771051585796417
1.3	Z	30	-0.771051585809067

1.4	Z	1	0.755783741466618
1.4	Z	2	0.755783741260621
1.4	Z	3	0.755783736897168
1.4	Z	4	0.755783661637429
1.4	Z	5	0.755782422730309
1.4	Z	6	0.755766489474625
1.4	Z	7	0.755604078448156
1.4	Z	8	0.754333966593245
1.4	Z	9	0.747099896730756
1.4	Z	10	0.719461925527381
1.4	Z	11	0.658272251164996
1.4	Z	12	0.598710242999679
1.4	Z	13	0.543232332427916
1.4	Z	14	0.310893239085416
1.4	Z	15	0.116003453365904
1.4	Z	16	-0.116010178056911
1.4	Z	17	-0.310874378157652
1.4	Z	18	-0.543220550975218
1.4	Z	19	-0.59874111257841
1.4	Z	20	-0.658276533990242
1.4	Z	21	-0.719454541656501
1.4	Z	22	-0.747096649458047
1.4	Z	23	-0.754333408767144
1.4	Z	24	-0.755604043868719
1.4	Z	25	-0.755766488116287
1.4	Z	26	-0.755782423133012
1.4	Z	27	-0.755783661595796
1.4	Z	28	-0.755783737412653
1.4	Z	29	-0.755783741358301
1.4	Z	30	-0.755783741461729

1.5	Z	1	0.740818220660218
1.5	Z	2	0.740818219360145
1.5	Z	3	0.740818201141474
1.5	Z	4	0.740817877571556
1.5	Z	5	0.740813535026663
1.5	Z	6	0.740766681057637
1.5	Z	7	0.740367229042055
1.5	Z	8	0.737781617800326
1.5	Z	9	0.725813566731387
1.5	Z	10	0.689903002290702
1.5	Z	11	0.631762202667856
1.5	Z	12	0.59249979198331
1.5	Z	13	0.508640113150431
1.5	Z	14	0.268696981591103
1.5	Z	15	0.139866944310576
1.5	Z	16	-0.13986775888763
1.5	Z	17	-0.268699666641011
1.5	Z	18	-0.508608686864874
1.5	Z	19	-0.592524716860873
1.5	Z	20	-0.631777755603684
1.5	Z	21	-0.689897292738989
1.5	Z	22	-0.725808459828375
1.5	Z	23	-0.737780255698719
1.5	Z	24	-0.740367053288196
1.5	Z	25	-0.740766669794497
1.5	Z	26	-0.740813535497629
1.5	Z	27	-0.740817877420061
1.5	Z	28	-0.74081820143853
1.5	Z	29	-0.740818219586091
1.5	Z	30	-0.740818220670954

1.6	Z	1	0.726149011277526
1.6	Z	2	0.726149006058969
1.6	Z	3	0.726148924518769
1.6	Z	4	0.726147742278342
1.6	Z	5	0.726134312626374
1.6	Z	6	0.726011544207864
1.6	Z	7	0.725131885779427
1.6	Z	8	0.720408018498578
1.6	Z	9	0.702676866757879
1.6	Z	10	0.661404923110861
1.6	Z	11	0.614107021028727
1.6	Z	12	0.584119634193019
1.6	Z	13	0.460369655122877
1.6	Z	14	0.252740833757826
1.6	Z	15	0.14183250354993
1.6	Z	16	-0.141826033717809
1.6	Z	17	-0.25276138046512
1.6	Z	18	-0.460333655824141
1.6	Z	19	-0.584126882225281
1.6	Z	20	-0.614131752281223
1.6	Z	21	-0.661404685972687
1.6	Z	22	-0.702670530248435
1.6	Z	23	-0.720405422251403
1.6	Z	24	-0.725131385649375
1.6	Z	25	-0.726011486491762
1.6	Z	26	-0.726134310747766
1.6	Z	27	-0.726147742142342
1.6	Z	28	-0.726148924107454
1.6	Z	29	-0.726149006750528
1.6	Z	30	-0.726149011436444

1.7	Z	1	0.711770321580776
1.7	Z	2	0.71177029922319
1.7	Z	3	0.711769977127242
1.7	Z	4	0.711766131275385
1.7	Z	5	0.711728935783811
1.7	Z	6	0.711439582279093
1.7	Z	7	0.709691716837285
1.7	Z	8	0.701904428839555
1.7	Z	9	0.678342346378723
1.7	Z	10	0.63663821442783
1.7	Z	11	0.603597382193232
1.7	Z	12	0.565871808682566
1.7	Z	13	0.41056315742651
1.7	Z	14	0.256663012501333
1.7	Z	15	0.120852065079197
1.7	Z	16	-0.120841698839893
1.7	Z	17	-0.256688043252913
1.7	Z	18	-0.410540257719688
1.7	Z	19	-0.565856410881847
1.7	Z	20	-0.603623859649715
1.7	Z	21	-0.63664652047163
1.7	Z	22	-0.678336554176661
1.7	Z	23	-0.701900379773659
1.7	Z	24	-0.709690600506093
1.7	Z	25	-0.711439406254117
1.7	Z	26	-0.711728919766726
1.7	Z	27	-0.711766130448407
1.7	Z	28	-0.711769977940308
1.7	Z	29	-0.711770299383612
1.7	Z	30	-0.711770321624396

1.8	Z	1	0.697676320590748
1.8	Z	2	0.697676228639612
1.8	Z	3	0.697675127574341
1.8	Z	4	0.69766393085351
1.8	Z	5	0.697570858546601
1.8	Z	6	0.69695274654554
1.8	Z	7	0.693801343712942
1.8	Z	8	0.682181957960548
1.8	Z	9	0.654142601349078
1.8	Z	10	0.617476127175955
1.8	Z	11	0.595527272782378
1.8	Z	12	0.535205101492066
1.8	Z	13	0.371757728188717
1.8	Z	14	0.265302767557994
1.8	Z	15	0.0895536234664071
1.8	Z	16	-0.0895450160803451
1.8	Z	17	-0.265317660869731
1.8	Z	18	-0.371758762267939
1.8	Z	19	-0.535172684453056
1.8	Z	20	-0.595545061338875
1.8	Z	21	-0.617493399149895
1.8	Z	22	-0.65414009915283
1.8	Z	23	-0.68217675729713
1.8	Z	24	-0.693799274686559
1.8	Z	25	-0.696952305810744
1.8	Z	26	-0.697570797666473
1.8	Z	27	-0.69766392475409
1.8	Z	28	-0.697675128129536
1.8	Z	29	-0.697676228654313
1.8	Z	30	-0.697676320631424

1.9	Z	1	0.683861384416808
1.9	Z	2	0.683861056819211
1.9	Z	3	0.683857698156475
1.9	Z	4	0.683828153236194
1.9	Z	5	0.683616280470549
1.9	Z	6	0.68241273387562
1.9	Z	7	0.67723678073625
1.9	Z	8	0.661530248896499
1.9	Z	9	0.631803126640095
1.9	Z	10	0.604013715981346
1.9	Z	11	0.584103239247852
1.9	Z	12	0.49592018619839
1.9	Z	13	0.350200887807368
1.9	Z	14	0.264394234854227
1.9	Z	15	0.0643846713796538
1.9	Z	16	-0.0643823164331724
1.9	Z	17	-0.264391518390829
1.9	Z	18	-0.350224308474529
1.9	Z	19	-0.495884966601881
1.9	Z	20	-0.58410359299186
1.9	Z	21	-0.604036084563462
1.9	Z	22	-0.631806629526201
1.9	Z	23	-0.661524985244602
1.9	Z	24	-0.677233537364633
1.9	Z	25	-0.682411799183103
1.9	Z	26	-0.683616106800955
1.9	Z	27	-0.683828131897714
1.9	Z	28	-0.683857696551164
1.9	Z	29	-0.683861057963137
1.9	Z	30	-0.683861385033764

2	Z	1	0.670319904359622
2	Z	2	0.670318861479198
2	Z	3	0.67030956490943
2	Z	4	0.67023841446017
2	Z	5	0.669797225504395
2	Z	6	0.667652347810217
2	Z	7	0.659891688627494
2	Z	8	0.6406877689576
2	Z	9	0.612865966700452
2	Z	10	0.594226824683395
2	Z	11	0.565069071903953
2	Z	12	0.456070362031901
2	Z	13	0.343207917873516
2	Z	14	0.24830512938562
2	Z	15	0.0553297485100238
2	Z	16	-0.0553341805370245
2	Z	17	-0.24828835720205
2	Z	18	-0.34324027824885
2	Z	19	-0.456048412733127
2	Z	20	-0.565049945829399
2	Z	21	-0.594247055124319
2	Z	22	-0.612876765690471
2	Z	23	-0.64068430532752
2	Z	24	-0.659887416683917
2	Z	25	-0.667650665880042
2	Z	26	-0.669796821244903
2	Z	27	-0.670238349434539
2	Z	28	-0.670309557210179
2	Z	29	-0.670318861105735
2	Z	30	-0.670319905035179

2.1	Z	1	0.657046495140436
2.1	Z	2	0.657043479059448
2.1	Z	3	0.657019953561236
2.1	Z	4	0.656862730079168
2.1	Z	5	0.656018768033204
2.1	Z	6	0.652510383921684
2.1	Z	7	0.641883632053077
2.1	Z	8	0.620740635311787
2.1	Z	9	0.59801926334857
2.1	Z	10	0.584575816265452
2.1	Z	11	0.537732329009683
2.1	Z	12	0.423723482736086
2.1	Z	13	0.341686873836849
2.1	Z	14	0.221653751514391
2.1	Z	15	0.0612826706864947
2.1	Z	16	-0.0612896629984713
2.1	Z	17	-0.221634240264742
2.1	Z	18	-0.341710749714505
2.1	Z	19	-0.423724802968709
2.1	Z	20	-0.537700598092217
2.1	Z	21	-0.584586156822836
2.1	Z	22	-0.598036404379956
2.1	Z	23	-0.620741067696846
2.1	Z	24	-0.641879029399931
2.1	Z	25	-0.652507876042629
2.1	Z	26	-0.656018028620219
2.1	Z	27	-0.656862586136446
2.1	Z	28	-0.657019935688314
2.1	Z	29	-0.657043477016724
2.1	Z	30	-0.657046495194629

2.2	Z	1	0.644035400017752
2.2	Z	2	0.644027424904212
2.2	Z	3	0.643972657273963
2.2	Z	4	0.643652621571755
2.2	Z	5	0.642164864754882
2.2	Z	6	0.636889550851955
2.2	Z	7	0.62362018027887
2.2	Z	8	0.602823327706825
2.2	Z	9	0.586640413769069
2.2	Z	10	0.571398405307111
2.2	Z	11	0.505304896935111
2.2	Z	12	0.402937385122852
2.2	Z	13	0.335869799347715
2.2	Z	14	0.194819771969579
2.2	Z	15	0.072769322169241
2.2	Z	16	-0.0727733447457952
2.2	Z	17	-0.19480922373447
2.2	Z	18	-0.335873969879962
2.2	Z	19	-0.402959802308692
2.2	Z	20	-0.505273979419769
2.2	Z	21	-0.571393488355749
2.2	Z	22	-0.586660064133187
2.2	Z	23	-0.602829343716681
2.2	Z	24	-0.62361641956941
2.2	Z	25	-0.636886276169536
2.2	Z	26	-0.642163667452537
2.2	Z	27	-0.643652343574569
2.2	Z	28	-0.643972615708604
2.2	Z	29	-0.644027419727068
2.2	Z	30	-0.644035400727652

2.3	Z	1	0.631280727039804
2.3	Z	2	0.631261291620335
2.3	Z	3	0.631143525130853
2.3	Z	4	0.630541368859072
2.3	Z	5	0.628119171407554
2.3	Z	6	0.620826241092028
2.3	Z	7	0.605774948707949
2.3	Z	8	0.587701010410669
2.3	Z	9	0.576835698685983
2.3	Z	10	0.552505498069591
2.3	Z	11	0.473326476928304
2.3	Z	12	0.39211685789428
2.3	Z	13	0.320659931199314
2.3	Z	14	0.176909294032405
2.3	Z	15	0.0791088328126583
2.3	Z	16	-0.079107770285121
2.3	Z	17	-0.176912630616066
2.3	Z	18	-0.320644605685727
2.3	Z	19	-0.392147659144018
2.3	Z	20	-0.473309826164924
2.3	Z	21	-0.552485421533769
2.3	Z	22	-0.576851521201299
2.3	Z	23	-0.587712850660869
2.3	Z	24	-0.605773484702084
2.3	Z	25	-0.620822400725891
2.3	Z	26	-0.62811732326258
2.3	Z	27	-0.630540842416936
2.3	Z	28	-0.631143425291952
2.3	Z	29	-0.631261275707368
2.3	Z	30	-0.631280726299068

2.4	Z	1	0.618775641943353
2.4	Z	2	0.61873184561918
2.4	Z	3	0.618497064655862
2.4	Z	4	0.617447033489372
2.4	Z	5	0.613800241272693
2.4	Z	6	0.604543287198099
2.4	Z	7	0.589139125266417
2.4	Z	8	0.575389132357648
2.4	Z	9	0.566053094478014
2.4	Z	10	0.528200939605309
2.4	Z	11	0.446949749502161
2.4	Z	12	0.385466392292354
2.4	Z	13	0.297651884272964
2.4	Z	14	0.170654150460899
2.4	Z	15	0.0749821918700941
2.4	Z	16	-0.0749778146129199
2.4	Z	17	-0.17066662184507
2.4	Z	18	-0.297627499512871
2.4	Z	19	-0.385488574747566
2.4	Z	20	-0.446953886530285
2.4	Z	21	-0.528172283782086
2.4	Z	22	-0.566058671928264
2.4	Z	23	-0.575404933045253
2.4	Z	24	-0.589141614608412
2.4	Z	25	-0.604539466574349
2.4	Z	26	-0.613797547790668
2.4	Z	27	-0.617446071575802
2.4	Z	28	-0.61849683536948
2.4	Z	29	-0.61873179820135
2.4	Z	30	-0.618775636030517

2.5	Z	1	0.606511718782476
2.5	Z	2	0.606420165928272
2.5	Z	3	0.60598484948342
2.5	Z	4	0.604284915150942
2.5	Z	5	0.599206881555849
2.5	Z	6	0.588455317618061
2.5	Z	7	0.574373762776012
2.5	Z	8	0.565004052956799
2.5	Z	9	0.552070971585493
2.5	Z	10	0.501172486514932
2.5	Z	11	0.42852730801881
2.5	Z	12	0.376506601565664
2.5	Z	13	0.273113776509817
2.5	Z	14	0.171896460392978
2.5	Z	15	0.0625934542336579
2.5	Z	16	-0.0625918095718147
2.5	Z	17	-0.171906484588171
2.5	Z	18	-0.273095176094185
2.5	Z	19	-0.376507328176331
2.5	Z	20	-0.428548625223805
2.5	Z	21	-0.501146470919524
2.5	Z	22	-0.552063166853106
2.5	Z	23	-0.56501960567999
2.5	Z	24	-0.574381456861162
2.5	Z	25	-0.588453030778145
2.5	Z	26	-0.599203598070369
2.5	Z	27	-0.604283400105114
2.5	Z	28	-0.605984425544835
2.5	Z	29	-0.606420064965929
2.5	Z	30	-0.606511703314117

2.6	Z	1	0.594476998046246
2.6	Z	2	0.594299210807093
2.6	Z	3	0.593546838091555
2.6	Z	4	0.590990331476642
2.6	Z	5	0.584459496478996
2.6	Z	6	0.573101820419534
2.6	Z	7	0.561738266729903
2.6	Z	8	0.554964514674814
2.6	Z	9	0.533943770976817
2.6	Z	10	0.475264473511637
2.6	Z	11	0.416760681766696
2.6	Z	12	0.361558767270849
2.6	Z	13	0.253660523827794
2.6	Z	14	0.173182442934165
2.6	Z	15	0.0489682428941518
2.6	Z	16	-0.048974367512728
2.6	Z	17	-0.17317971183977
2.6	Z	18	-0.253657657361906
2.6	Z	19	-0.361537863686477
2.6	Z	20	-0.416787981442219
2.6	Z	21	-0.475251827541309
2.6	Z	22	-0.533924698106276
2.6	Z	23	-0.554974020018701
2.6	Z	24	-0.561750117958019
2.6	Z	25	-0.573102595042408
2.6	Z	26	-0.584456327754913
2.6	Z	27	-0.59098827502289
2.6	Z	28	-0.593546155323208
2.6	Z	29	-0.594299024804815
2.6	Z	30	-0.594476968059184

2.7	Z	1	0.582654327113036
2.7	Z	2	0.582333361495982
2.7	Z	3	0.581119136234985
2.7	Z	4	0.577549650959845
2.7	Z	5	0.569815038020101
2.7	Z	6	0.559002256866647
2.7	Z	7	0.550906521837773
2.7	Z	8	0.543519738920379
2.7	Z	9	0.512441617983561
2.7	Z	10	0.453708004377172
2.7	Z	11	0.407734012656211
2.7	Z	12	0.341270806156058
2.7	Z	13	0.242412637719584
2.7	Z	14	0.168665974325327
2.7	Z	15	0.040857675783159
2.7	Z	16	-0.0408703504196111
2.7	Z	17	-0.168648507146642
2.7	Z	18	-0.242424709554676
2.7	Z	19	-0.34123872378965
2.7	Z	20	-0.407754479241466
2.7	Z	21	-0.453714006919917
2.7	Z	22	-0.512418562318906
2.7	Z	23	-0.543519400602384
2.7	Z	24	-0.550919713642907
2.7	Z	25	-0.559006864343104
2.7	Z	26	-0.569812783314801
2.7	Z	27	-0.577547141159664
2.7	Z	28	-0.581118122522368
2.7	Z	29	-0.582333035757251
2.7	Z	30	-0.582654271858241

2.8	Z	1	0.571018492727636
2.8	Z	2	0.57047986785148
2.8	Z	3	0.568647559894373
2.8	Z	4	0.564029254813808
2.8	Z	5	0.555634991209663
2.8	Z	6	0.546470142228091
2.8	Z	7	0.540979834097836
2.8	Z	8	0.529419211176705
2.8	Z	9	0.489742350224489
2.8	Z	10	0.437704606647907
2.8	Z	11	0.39716358369485
2.8	Z	12	0.319576114394257
2.8	Z	13	0.237737529720535
2.8	Z	14	0.157242892580847
2.8	Z	15	0.0406964093533395
2.8	Z	16	-0.0407113257131634
2.8	Z	17	-0.157216647992667
2.8	Z	18	-0.237754988477288
2.8	Z	19	-0.319547429377095
2.8	Z	20	-0.397168100493969
2.8	Z	21	-0.437726153101869
2.8	Z	22	-0.489724689791736
2.8	Z	23	-0.529409010414297
2.8	Z	24	-0.540990795866895
2.8	Z	25	-0.546478690668722
2.8	Z	26	-0.555634741479391
2.8	Z	27	-0.564026601351216
2.8	Z	28	-0.568646169603312
2.8	Z	29	-0.5704793115129
2.8	Z	30	-0.57101838472148

2.9	Z	1	0.559533852652298
2.9	Z	2	0.558694950079257
2.9	Z	3	0.556107009874869
2.9	Z	4	0.550591425521421
2.9	Z	5	0.542303434861667
2.9	Z	6	0.535457287066477
2.9	Z	7	0.530736453055669
2.9	Z	8	0.512438988242208
2.9	Z	9	0.468489506328995
2.9	Z	10	0.426065800901581
2.9	Z	11	0.382612740612369
2.9	Z	12	0.301017383590597
2.9	Z	13	0.234902510769036
2.9	Z	14	0.142372885026347
2.9	Z	15	0.0458848728574222
2.9	Z	16	-0.045898187012118
2.9	Z	17	-0.142345115279601
2.9	Z	18	-0.234914767217224
2.9	Z	19	-0.301003705260203
2.9	Z	20	-0.382600842277137
2.9	Z	21	-0.426092408908176
2.9	Z	22	-0.468483957907865
2.9	Z	23	-0.512421979935412
2.9	Z	24	-0.530741309534369
2.9	Z	25	-0.535468523192925
2.9	Z	26	-0.542306410290735
2.9	Z	27	-0.550589390697858
2.9	Z	28	-0.556105378455513
2.9	Z	29	-0.558694081551497
2.9	Z	30	-0.559533656222583

3	Z	1	0.548152655158545
3	Z	2	0.546944242063356
3	Z	3	0.543520550604382
3	Z	4	0.537482575651656
3	Z	5	0.530109198702325
3	Z	6	0.525500628479607
3	Z	7	0.519047481675652
3	Z	8	0.49350001104458
3	Z	9	0.450644767742408
3	Z	10	0.416031534442692
3	Z	11	0.364488271932371
3	Z	12	0.288119870250308
3	Z	13	0.229241362777139
3	Z	14	0.129228184740382
3	Z	15	0.0512140760548743
3	Z	16	-0.0512246227921843
3	Z	17	-0.129202552359161
3	Z	18	-0.229244724754077
3	Z	19	-0.288123263531249
3	Z	20	-0.364467924989757
3	Z	21	-0.416051524022623
3	Z	22	-0.450652825231931
3	Z	23	-0.493482227281533
3	Z	24	-0.519043955879095
3	Z	25	-0.525511530194352
3	Z	26	-0.530115734617831
3	Z	27	-0.537482131153687
3	Z	28	-0.543519016028448
3	Z	29	-0.546943071294524
3	Z	30	-0.548152342054899

3.1	Z	1	0.536816103787057
3.1	Z	2	0.535217500932198
3.1	Z	3	0.530971999790905
3.1	Z	4	0.524987901238174
3.1	Z	5	0.5191274949036
3.1	Z	6	0.515813560244431
3.1	Z	7	0.505300851544359
3.1	Z	8	0.474301927821337
3.1	Z	9	0.436685282820572
3.1	Z	10	0.404777178351592
3.1	Z	11	0.345399548499166
3.1	Z	12	0.280264069627452
3.1	Z	13	0.218789274255651
3.1	Z	14	0.121337876559289
3.1	Z	15	0.0523899438318555
3.1	Z	16	-0.0523988141448186
3.1	Z	17	-0.121315558989718
3.1	Z	18	-0.218785383076227
3.1	Z	19	-0.280276227151631
3.1	Z	20	-0.345381894842147
3.1	Z	21	-0.404783200161761
3.1	Z	22	-0.436702569174958
3.1	Z	23	-0.474290359856175
3.1	Z	24	-0.505289863367881
3.1	Z	25	-0.515820703452519
3.1	Z	26	-0.519136612624075
3.1	Z	27	-0.524989713542701
3.1	Z	28	-0.530970893705073
3.1	Z	29	-0.535216056634724
3.1	Z	30	-0.536815610733127

3.2	Z	1	0.525459436228436
3.2	Z	2	0.523544167669648
3.2	Z	3	0.518604160066215
3.2	Z	4	0.513356076173905
3.2	Z	5	0.50914736342878
3.2	Z	6	0.505515726901523
3.2	Z	7	0.489657697037871
3.2	Z	8	0.456621139690554
3.2	Z	9	0.425526365717552
3.2	Z	10	0.390795292184863
3.2	Z	11	0.328427618331368
3.2	Z	12	0.274475398230723
3.2	Z	13	0.204927920494056
3.2	Z	14	0.118809158673095
3.2	Z	15	0.0483716697883826
3.2	Z	16	-0.0483795571873337
3.2	Z	17	-0.118788667546558
3.2	Z	18	-0.204921168051842
3.2	Z	19	-0.274486490623061
3.2	Z	20	-0.328420616917226
3.2	Z	21	-0.390786715084234
3.2	Z	22	-0.425544241650806
3.2	Z	23	-0.456620571390647
3.2	Z	24	-0.489643080574176
3.2	Z	25	-0.505516805384361
3.2	Z	26	-0.509157141285192
3.2	Z	27	-0.513360320651152
3.2	Z	28	-0.518603746264009
3.2	Z	29	-0.523542435686875
3.2	Z	30	-0.525458542587256

3.3	Z	1	0.514022911981317
3.3	Z	2	0.512004279709542
3.3	Z	3	0.506596134128586
3.3	Z	4	0.502711997585291
3.3	Z	5	0.499688246083811
3.3	Z	6	0.493933390849913
3.3	Z	7	0.473010313914859
3.3	Z	8	0.441578898928153
3.3	Z	9	0.41518290359688
3.3	Z	10	0.374466133788271
3.3	Z	11	0.315386643032754
3.3	Z	12	0.267417676139061
3.3	Z	13	0.191003966583296
3.3	Z	14	0.118860733599823
3.3	Z	15	0.0414063194995716
3.3	Z	16	-0.0414145252542529
3.3	Z	17	-0.118836570121247
3.3	Z	18	-0.191000711876195
3.3	Z	19	-0.267422265755137
3.3	Z	20	-0.315391581722889
3.3	Z	21	-0.374449325340528
3.3	Z	22	-0.415192406881526
3.3	Z	23	-0.441589848423106
3.3	Z	24	-0.472997590050754
3.3	Z	25	-0.493927816142823
3.3	Z	26	-0.499696265326479
3.3	Z	27	-0.50271836884614
3.3	Z	28	-0.506596708468198
3.3	Z	29	-0.512002335315545
3.3	Z	30	-0.514021214341662

3.4	Z	1	0.502467005040685
3.4	Z	2	0.50072672334025
3.4	Z	3	0.495119348093902
3.4	Z	4	0.492987604959142
3.4	Z	5	0.49011867256611
3.4	Z	6	0.480851807719875
3.4	Z	7	0.456635600621468
3.4	Z	8	0.429217543010957
3.4	Z	9	0.403793711493195
3.4	Z	10	0.357595498165371
3.4	Z	11	0.306020407796588
3.4	Z	12	0.257287385123355
3.4	Z	13	0.180060391332619
3.4	Z	14	0.11795704172066
3.4	Z	15	0.0350742967738571
3.4	Z	16	-0.0350833907588028
3.4	Z	17	-0.117926381820259
3.4	Z	18	-0.180065019189189
3.4	Z	19	-0.257286253354349
3.4	Z	20	-0.306032336341023
3.4	Z	21	-0.357580467820971
3.4	Z	22	-0.403790526671024
3.4	Z	23	-0.429235563884609
3.4	Z	24	-0.45662990034196
3.4	Z	25	-0.480841213190992
3.4	Z	26	-0.490122819105671
3.4	Z	27	-0.492995107953558
3.4	Z	28	-0.495121076014171
3.4	Z	29	-0.500724802011547
3.4	Z	30	-0.50246414586046

3.5	Z	1	0.490791395774132
3.5	Z	2	0.489871138171718
3.5	Z	3	0.484283139518387
3.5	Z	4	0.483902094812968
3.5	Z	5	0.47984978496119
3.5	Z	6	0.466609169180326
3.5	Z	7	0.441687407116484
3.5	Z	8	0.418582270101389
3.5	Z	9	0.390485596027924
3.5	Z	10	0.342275139588464
3.5	Z	11	0.298423973105201
3.5	Z	12	0.244542701950763
3.5	Z	13	0.173149334956956
3.5	Z	14	0.113986527184565
3.5	Z	15	0.03190537622161
3.5	Z	16	-0.031914670790099
3.5	Z	17	-0.113952531149421
3.5	Z	18	-0.173160988084744
3.5	Z	19	-0.244541572047672
3.5	Z	20	-0.298437147476829
3.5	Z	21	-0.342271091074366
3.5	Z	22	-0.390472560940508
3.5	Z	23	-0.418599655511791
3.5	Z	24	-0.441690753334995
3.5	Z	25	-0.466596586181335
3.5	Z	26	-0.479848810944744
3.5	Z	27	-0.483909485999993
3.5	Z	28	-0.484286196087498
3.5	Z	29	-0.489869726129199
3.5	Z	30	-0.490787267014191

3.6	Z	1	0.479050554679063
3.6	Z	2	0.47959012503505
3.6	Z	3	0.474085783049908
3.6	Z	4	0.475010187432512
3.6	Z	5	0.468538661372995
3.6	Z	6	0.451976815798392
3.6	Z	7	0.428745549954243
3.6	Z	8	0.408250131882594
3.6	Z	9	0.375669703120809
3.6	Z	10	0.329742813155931
3.6	Z	11	0.290302795178263
3.6	Z	12	0.231251625412591
3.6	Z	13	0.169082925761398
3.6	Z	14	0.107190496744141
3.6	Z	15	0.0321046551069199
3.6	Z	16	-0.0321162931378518
3.6	Z	17	-0.107156685164882
3.6	Z	18	-0.169097265735367
3.6	Z	19	-0.231256177242361
3.6	Z	20	-0.290312623595841
3.6	Z	21	-0.329752216898017
3.6	Z	22	-0.37565446161558
3.6	Z	23	-0.408259451326988
3.6	Z	24	-0.428756740005073
3.6	Z	25	-0.451965998066934
3.6	Z	26	-0.468532221640489
3.6	Z	27	-0.475016047160215
3.6	Z	28	-0.474090118891033
3.6	Z	29	-0.479589907981378
3.6	Z	30	-0.479045212710207

3.7	Z	1	0.467359504527566
3.7	Z	2	0.469981310593807
3.7	Z	3	0.464394366568998
3.7	Z	4	0.465815284865605
3.7	Z	5	0.456219876823257
3.7	Z	6	0.437861521799173
3.7	Z	7	0.417623065491504
3.7	Z	8	0.397025950162524
3.7	Z	9	0.360656545169487
3.7	Z	10	0.319843034266478
3.7	Z	11	0.280270043693956
3.7	Z	12	0.219650764476142
3.7	Z	13	0.165510628456969
3.7	Z	14	0.0995522639717606
3.7	Z	15	0.033906781304216
3.7	Z	16	-0.0339230997977018
3.7	Z	17	-0.0995191111643875
3.7	Z	18	-0.165521885621775
3.7	Z	19	-0.219663478029392
3.7	Z	20	-0.280274412616584
3.7	Z	21	-0.319860453038335
3.7	Z	22	-0.360647383693253
3.7	Z	23	-0.397023630326271
3.7	Z	24	-0.41763735081331
3.7	Z	25	-0.437856687404147
3.7	Z	26	-0.456209245113509
3.7	Z	27	-0.46581812544347
3.7	Z	28	-0.464399298663841
3.7	Z	29	-0.469982984456495
3.7	Z	30	-0.467353246355902

3.8	Z	1	0.455886922716941
3.8	Z	2	0.461044566544096
3.8	Z	3	0.454968280475535
3.8	Z	4	0.455912456561477
3.8	Z	5	0.443304598631605
3.8	Z	6	0.424958625711272
3.8	Z	7	0.407520155768694
3.8	Z	8	0.38446569968836
3.8	Z	9	0.346867579502367
3.8	Z	10	0.31130880797977
3.8	Z	11	0.268441477214164
3.8	Z	12	0.210865478154806
3.8	Z	13	0.160482252279381
3.8	Z	14	0.0932847914487947
3.8	Z	15	0.0350150158224236
3.8	Z	16	-0.035035788254166
3.8	Z	17	-0.093252582626848
3.8	Z	18	-0.160487122598677
3.8	Z	19	-0.210883965288291
3.8	Z	20	-0.2684430788395
3.8	Z	21	-0.311326616975281
3.8	Z	22	-0.346869780589833
3.8	Z	23	-0.384454025844165
3.8	Z	24	-0.407530087099161
3.8	Z	25	-0.424962143333582
3.8	Z	26	-0.443292949300446
3.8	Z	27	-0.45591141347099
3.8	Z	28	-0.454972765119108
3.8	Z	29	-0.461048696376908
3.8	Z	30	-0.455880852782395

3.9	Z	1	0.444832613426984
3.9	Z	2	0.452658699976401
3.9	Z	3	0.44552376868163
3.9	Z	4	0.445111791154198
3.9	Z	5	0.430437984087119
3.9	Z	6	0.413499714508305
3.9	Z	7	0.397431773553572
3.9	Z	8	0.370989046484026
3.9	Z	9	0.335098974618115
3.9	Z	10	0.302585802744101
3.9	Z	11	0.256111125173765
3.9	Z	12	0.204474850164569
3.9	Z	13	0.153478054088331
3.9	Z	14	0.089469166029561
3.9	Z	15	0.0340546019027378
3.9	Z	16	-0.0340773409624878
3.9	Z	17	-0.0894392980900765
3.9	Z	18	-0.153479388272275
3.9	Z	19	-0.204492061964982
3.9	Z	20	-0.256114897051273
3.9	Z	21	-0.302599390055984
3.9	Z	22	-0.335112671998752
3.9	Z	23	-0.370974431165315
3.9	Z	24	-0.397431923850163
3.9	Z	25	-0.41351007475671
3.9	Z	26	-0.430429462948772
3.9	Z	27	-0.445107110899757
3.9	Z	28	-0.445526422916843
3.9	Z	29	-0.452664966799249
3.9	Z	30	-0.444828049894687

4	Z	1	0.434383923170985
4	Z	2	0.44458864784506
4	Z	3	0.435821807495863
4	Z	4	0.433494922775019
4	Z	5	0.418260426612598
4	Z	6	0.40319940280263
4	Z	7	0.386609088302694
4	Z	8	0.357560933201057
4	Z	9	0.325204374751669
4	Z	10	0.292688876086777
4	Z	11	0.244836295643092
4	Z	12	0.199015678708597
4	Z	13	0.145415593949167
4	Z	14	0.0876342559813521
4	Z	15	0.031200166819349
4	Z	16	-0.0312228089202638
4	Z	17	-0.0876088235626951
4	Z	18	-0.145419867941559
4	Z	19	-0.199024462000372
4	Z	20	-0.244845868023124
4	Z	21	-0.292697208813083
4	Z	22	-0.325223797635694
4	Z	23	-0.357550036320411
4	Z	24	-0.386598312037918
4	Z	25	-0.40321122996491
4	Z	26	-0.41825829105808
4	Z	27	-0.43348770218134
4	Z	28	-0.435821219731253
4	Z	29	-0.444595564010115
4	Z	30	-0.434381834182527

4.1	Z	1	0.424663176353797
4.1	Z	2	0.43653200527754
4.1	Z	3	0.425755425649882
4.1	Z	4	0.421383179887511
4.1	Z	5	0.407168663778442
4.1	Z	6	0.393427615867488
4.1	Z	7	0.374862215932667
4.1	Z	8	0.345150123692269
4.1	Z	9	0.31630919973149
4.1	Z	10	0.281635471806236
4.1	Z	11	0.235528669461654
4.1	Z	12	0.19299233360283
4.1	Z	13	0.137833943309193
4.1	Z	14	0.0863352483772796
4.1	Z	15	0.0277762950403838
4.1	Z	16	-0.0277989566296955
4.1	Z	17	-0.0863162290493619
4.1	Z	18	-0.137845048120065
4.1	Z	19	-0.192989934223928
4.1	Z	20	-0.235544179232791
4.1	Z	21	-0.281640784926481
4.1	Z	22	-0.316326518704889
4.1	Z	23	-0.345147145943422
4.1	Z	24	-0.374843655760269
4.1	Z	25	-0.393434278654688
4.1	Z	26	-0.407173518408567
4.1	Z	27	-0.421375174986393
4.1	Z	28	-0.425751064062467
4.1	Z	29	-0.436537580353105
4.1	Z	30	-0.424664318333878

4.2	Z	1	0.415684083349496
4.2	Z	2	0.428199060984997
4.2	Z	3	0.415400699260602
4.2	Z	4	0.409223521469534
4.2	Z	5	0.397173300857956
4.2	Z	6	0.383518407651425
4.2	Z	7	0.362571396297572
4.2	Z	8	0.33425384518852
4.2	Z	9	0.30736379496823
4.2	Z	10	0.27026570416676
4.2	Z	11	0.228058033241739
4.2	Z	12	0.185732873794723
4.2	Z	13	0.131863556543548
4.2	Z	14	0.0841915494249866
4.2	Z	15	0.0252470898382159
4.2	Z	16	-0.0252693002837628
4.2	Z	17	-0.0841803595733853
4.2	Z	18	-0.131878493976209
4.2	Z	19	-0.185722876062112
4.2	Z	20	-0.228077731938857
4.2	Z	21	-0.270271667366015
4.2	Z	22	-0.307373319812835
4.2	Z	23	-0.334259417962644
4.2	Z	24	-0.362551529056738
4.2	Z	25	-0.383515798319564
4.2	Z	26	-0.397182633883624
4.2	Z	27	-0.409216954363101
4.2	Z	28	-0.415393655035624
4.2	Z	29	-0.428201654180738
4.2	Z	30	-0.415688657379761

4.3	Z	1	0.407329801661903
4.3	Z	2	0.419400461036312
4.3	Z	3	0.405004118657844
4.3	Z	4	0.397435427319404
4.3	Z	5	0.387913212617696
4.3	Z	6	0.373069525957318
4.3	Z	7	0.350432358633329
4.3	Z	8	0.324716682692507
4.3	Z	9	0.297711049134147
4.3	Z	10	0.259637892244063
4.3	Z	11	0.221510531950413
4.3	Z	12	0.177605956176343
4.3	Z	13	0.127632450421792
4.3	Z	14	0.0806740223106497
4.3	Z	15	0.0243067540906351
4.3	Z	16	-0.0243283820691141
4.3	Z	17	-0.0806701970709661
4.3	Z	18	-0.127645480709438
4.3	Z	19	-0.177594436866387
4.3	Z	20	-0.221531862752308
4.3	Z	21	-0.259646812637709
4.3	Z	22	-0.297710649014884
4.3	Z	23	-0.324727085521122
4.3	Z	24	-0.350417911511276
4.3	Z	25	-0.373058133008799
4.3	Z	26	-0.387922536481919
4.3	Z	27	-0.397432006455398
4.3	Z	28	-0.404996638494867
4.3	Z	29	-0.419399100745525
4.3	Z	30	-0.40733703331483

4.4	Z	1	0.399360848333317
4.4	Z	2	0.410112091446085
4.4	Z	3	0.394906253568906
4.4	Z	4	0.386284521574957
4.4	Z	5	0.378820981401846
4.4	Z	6	0.362097120506237
4.4	Z	7	0.339086465889045
4.4	Z	8	0.31590010853974
4.4	Z	9	0.287367485981753
4.4	Z	10	0.250405402349747
4.4	Z	11	0.214829414951363
4.4	Z	12	0.169593790656778
4.4	Z	13	0.124376997517761
4.4	Z	14	0.0762434514862139
4.4	Z	15	0.0246151644747494
4.4	Z	16	-0.0246366200213564
4.4	Z	17	-0.0762452247381816
4.4	Z	18	-0.124384536417169
4.4	Z	19	-0.169585439610808
4.4	Z	20	-0.214849084770068
4.4	Z	21	-0.250417548023799
4.4	Z	22	-0.287358827949227
4.4	Z	23	-0.315908763307705
4.4	Z	24	-0.339081007014124
4.4	Z	25	-0.362081205953396
4.4	Z	26	-0.378826465130599
4.4	Z	27	-0.386284457000406
4.4	Z	28	-0.394900678701567
4.4	Z	29	-0.410106981421417
4.4	Z	30	-0.399369060000384

4.5	Z	1	0.391457130358189
4.5	Z	2	0.400490501421777
4.5	Z	3	0.385422273377643
4.5	Z	4	0.375826173119216
4.5	Z	5	0.36936177712935
4.5	Z	6	0.3509781816791
4.5	Z	7	0.328825485391237
4.5	Z	8	0.307074013848996
4.5	Z	9	0.276898482547399
4.5	Z	10	0.242528625935749
4.5	Z	11	0.207419901277778
4.5	Z	12	0.16260539032917
4.5	Z	13	0.121038846258488
4.5	Z	14	0.0718950862206125
4.5	Z	15	0.0251953558625643
4.5	Z	16	-0.025215757163906
4.5	Z	17	-0.0718998852672458
4.5	Z	18	-0.121041478923123
4.5	Z	19	-0.162601158683519
4.5	Z	20	-0.20743582321324
4.5	Z	21	-0.242543230232961
4.5	Z	22	-0.276885673786312
4.5	Z	23	-0.30707590532175
4.5	Z	24	-0.328828477372858
4.5	Z	25	-0.350962963421987
4.5	Z	26	-0.369361791035877
4.5	Z	27	-0.375828107785219
4.5	Z	28	-0.38542031669702
4.5	Z	29	-0.400483252608648
4.5	Z	30	-0.391464373607142

4.6	Z	1	0.38329120676659
4.6	Z	2	0.390824399423943
4.6	Z	3	0.376727315501129
4.6	Z	4	0.365939186284155
4.6	Z	5	0.359240464590401
4.6	Z	6	0.340227416497928
4.6	Z	7	0.319510863122477
4.6	Z	8	0.297791915801426
4.6	Z	9	0.267016577689684
4.6	Z	10	0.235422870320879
4.6	Z	11	0.199391610722035
4.6	Z	12	0.1569629210348
4.6	Z	13	0.116927027644576
4.6	Z	14	0.0684749394852637
4.6	Z	15	0.025126667805714
4.6	Z	16	-0.0251433461279966
4.6	Z	17	-0.068479584455498
4.6	Z	18	-0.116928785005143
4.6	Z	19	-0.156960411881147
4.6	Z	20	-0.199404574972276
4.6	Z	21	-0.235438025835658
4.6	Z	22	-0.267004355763919
4.6	Z	23	-0.297786353494312
4.6	Z	24	-0.31951932089453
4.6	Z	25	-0.340217117215876
4.6	Z	26	-0.359235132622531
4.6	Z	27	-0.365940702464039
4.6	Z	28	-0.376729525562586
4.6	Z	29	-0.390817560515847
4.6	Z	30	-0.383295602263794

4.7	Z	1	0.374612601400549
4.7	Z	2	0.38143801297704
4.7	Z	3	0.368797150995354
4.7	Z	4	0.356431461728898
4.7	Z	5	0.348497163995622
4.7	Z	6	0.330234203994932
4.7	Z	7	0.3107186401466
4.7	Z	8	0.288060477304613
4.7	Z	9	0.258164934415561
4.7	Z	10	0.228366653779778
4.7	Z	11	0.191355538606154
4.7	Z	12	0.152308520797752
4.7	Z	13	0.112044369803878
4.7	Z	14	0.0662098046833395
4.7	Z	15	0.0240623766871231
4.7	Z	16	-0.0240729068689764
4.7	Z	17	-0.0662118819345868
4.7	Z	18	-0.112048644542002
4.7	Z	19	-0.152306095371077
4.7	Z	20	-0.191368498356116
4.7	Z	21	-0.228380202267239
4.7	Z	22	-0.258156603664683
4.7	Z	23	-0.28805015969734
4.7	Z	24	-0.310728547334427
4.7	Z	25	-0.33023063201252
4.7	Z	26	-0.348488212072822
4.7	Z	27	-0.356430457054194
4.7	Z	28	-0.36880226655993
4.7	Z	29	-0.381434320288808
4.7	Z	30	-0.374612765191409

4.8	Z	1	0.365313846791627
4.8	Z	2	0.372576494977617
4.8	Z	3	0.361420275847035
4.8	Z	4	0.347157168382225
4.8	Z	5	0.337462442330995
4.8	Z	6	0.321082568776482
4.8	Z	7	0.302004213513361
4.8	Z	8	0.278255115278936
4.8	Z	9	0.25031704796952
4.8	Z	10	0.220911425804445
4.8	Z	11	0.183977554021365
4.8	Z	12	0.147923844301779
4.8	Z	13	0.106943524018036
4.8	Z	14	0.0646937350442199
4.8	Z	15	0.0223161808824563
4.8	Z	16	-0.0223212319345671
4.8	Z	17	-0.064692614357098
4.8	Z	18	-0.106949031728975
4.8	Z	19	-0.147921680096046
4.8	Z	20	-0.183992345994867
4.8	Z	21	-0.220923465993987
4.8	Z	22	-0.250313559581494
4.8	Z	23	-0.278244627057568
4.8	Z	24	-0.302011816718268
4.8	Z	25	-0.321084919402477
4.8	Z	26	-0.33745290327511
4.8	Z	27	-0.347152921214263
4.8	Z	28	-0.361425773563893
4.8	Z	29	-0.37257724572519
4.8	Z	30	-0.365309365473865

4.9	Z	1	0.355459771472776
4.9	Z	2	0.36431000901494
4.9	Z	3	0.354278021258392
4.9	Z	4	0.338090592705397
4.9	Z	5	0.326600822744168
4.9	Z	6	0.312536787659277
4.9	Z	7	0.2931325581235
4.9	Z	8	0.268858784191
4.9	Z	9	0.24306429782802
4.9	Z	10	0.213075872782907
4.9	Z	11	0.177587890325391
4.9	Z	12	0.143202523919766
4.9	Z	13	0.102296790433249
4.9	Z	14	0.0632416188037579
4.9	Z	15	0.0205502998307165
4.9	Z	16	-0.0205519124764293
4.9	Z	17	-0.0632383841513083
4.9	Z	18	-0.102299360370569
4.9	Z	19	-0.143201990327084
4.9	Z	20	-0.177602700486736
4.9	Z	21	-0.213089100841039
4.9	Z	22	-0.243064515737221
4.9	Z	23	-0.268851991104128
4.9	Z	24	-0.29313652313994
4.9	Z	25	-0.312542536477304
4.9	Z	26	-0.326593712595641
4.9	Z	27	-0.338083780524474
4.9	Z	28	-0.354281668499721
4.9	Z	29	-0.364314233891768
4.9	Z	30	-0.355451630026823

5	Z	1	0.345269340188099
5	Z	2	0.356499888941994
5	Z	3	0.347062169764031
5	Z	4	0.329326778631252
5	Z	5	0.316325246723044
5	Z	6	0.304183439408893
5	Z	7	0.284159539124356
5	Z	8	0.260188490049045
5	Z	9	0.235887924948424
5	Z	10	0.205245898246693
5	Z	11	0.172048466321235
5	Z	12	0.13796725941609
5	Z	13	0.0984858693621951
5	Z	14	0.0613336942696948
5	Z	15	0.0193251447268463
5	Z	16	-0.0193247253950377
5	Z	17	-0.0613292976480395
5	Z	18	-0.0984815924768087
5	Z	19	-0.137971273865482
5	Z	20	-0.172058886718474
5	Z	21	-0.20526336796944
5	Z	22	-0.235890392700429
5	Z	23	-0.260186613782978
5	Z	24	-0.284161233975185
5	Z	25	-0.304189792268077
5	Z	26	-0.316322560276442
5	Z	27	-0.329318875911633
5	Z	28	-0.347063125166901
5	Z	29	-0.356504703541227
5	Z	30	-0.34525985469962

5.1	Z	1	0.335047821860353
5.1	Z	2	0.348847523936343
5.1	Z	3	0.339577700596449
5.1	Z	4	0.321013441844272
5.1	Z	5	0.306863340448373
5.1	Z	6	0.295647339113943
5.1	Z	7	0.275342515280356
5.1	Z	8	0.252262274670428
5.1	Z	9	0.228447084782394
5.1	Z	10	0.197883614432103
5.1	Z	11	0.166907810942512
5.1	Z	12	0.132484682441698
5.1	Z	13	0.0954336033569275
5.1	Z	14	0.0588795007161193
5.1	Z	15	0.0187969518179586
5.1	Z	16	-0.0187952491967179
5.1	Z	17	-0.0588732123379201
5.1	Z	18	-0.0954196257472666
5.1	Z	19	-0.132496882828503
5.1	Z	20	-0.166909885505947
5.1	Z	21	-0.197906420056427
5.1	Z	22	-0.228451793213929
5.1	Z	23	-0.25226415484572
5.1	Z	24	-0.275344816009873
5.1	Z	25	-0.295651990472454
5.1	Z	26	-0.306865401110489
5.1	Z	27	-0.321006523348303
5.1	Z	28	-0.339576524116009
5.1	Z	29	-0.348849029742439
5.1	Z	30	-0.335039733268974

5.2	Z	1	0.325093675221298
5.2	Z	2	0.341005534809525
5.2	Z	3	0.331791943630109
5.2	Z	4	0.313254535861863
5.2	Z	5	0.298222777981994
5.2	Z	6	0.286770193657663
5.2	Z	7	0.266952070040564
5.2	Z	8	0.244851730969455
5.2	Z	9	0.22072514719415
5.2	Z	10	0.191247972571975
5.2	Z	11	0.161708459488835
5.2	Z	12	0.127224008952063
5.2	Z	13	0.0927332811747833
5.2	Z	14	0.056182277613028
5.2	Z	15	0.018703297221396
5.2	Z	16	-0.0187012534979549
5.2	Z	17	-0.0561721835208359
5.2	Z	18	-0.0927084814158466
5.2	Z	19	-0.127245699211941
5.2	Z	20	-0.161701678427794
5.2	Z	21	-0.191273731351374
5.2	Z	22	-0.220733505799301
5.2	Z	23	-0.244854988436579
5.2	Z	24	-0.266957672251873
5.2	Z	25	-0.286771934423974
5.2	Z	26	-0.298228009736655
5.2	Z	27	-0.313250852967443
5.2	Z	28	-0.331789828287893
5.2	Z	29	-0.341000742964923
5.2	Z	30	-0.32508909290114

5.3	Z	1	0.315612333643417
5.3	Z	2	0.332711147620316
5.3	Z	3	0.32381324414316
5.3	Z	4	0.306035956720906
5.3	Z	5	0.290249120275333
5.3	Z	6	0.277666730804703
5.3	Z	7	0.259105595913145
5.3	Z	8	0.237653301625035
5.3	Z	9	0.212975557467926
5.3	Z	10	0.185277665516933
5.3	Z	11	0.156242770955336
5.3	Z	12	0.122545030882085
5.3	Z	13	0.0899436570922537
5.3	Z	14	0.053679409697793
5.3	Z	15	0.0185992342531681
5.3	Z	16	-0.0185971082040164
5.3	Z	17	-0.0536654441541153
5.3	Z	18	-0.0899100544528543
5.3	Z	19	-0.12257330113592
5.3	Z	20	-0.156230684933117
5.3	Z	21	-0.185300466705539
5.3	Z	22	-0.21298906247065
5.3	Z	23	-0.237656485381348
5.3	Z	24	-0.259115309585464
5.3	Z	25	-0.277665925243587
5.3	Z	26	-0.290255366050237
5.3	Z	27	-0.306037076016028
5.3	Z	28	-0.323810814844941
5.3	Z	29	-0.332699496361212
5.3	Z	30	-0.315611717047137

5.4	Z	1	0.306661822278213
5.4	Z	2	0.323889765145786
5.4	Z	3	0.315815980080543
5.4	Z	4	0.299208816126105
5.4	Z	5	0.282731840396158
5.4	Z	6	0.268646747076487
5.4	Z	7	0.251710357871411
5.4	Z	8	0.230464222877364
5.4	Z	9	0.205542008240658
5.4	Z	10	0.179670673823223
5.4	Z	11	0.150616840970079
5.4	Z	12	0.118510802728086
5.4	Z	13	0.0868444314346572
5.4	Z	14	0.05165467194783
5.4	Z	15	0.0181535264281971
5.4	Z	16	-0.0181515685262179
5.4	Z	17	-0.0516393859288743
5.4	Z	18	-0.0868060596441119
5.4	Z	19	-0.118538465183586
5.4	Z	20	-0.150606168225882
5.4	Z	21	-0.179685490778965
5.4	Z	22	-0.205560694466533
5.4	Z	23	-0.230468191091603
5.4	Z	24	-0.25172264520205
5.4	Z	25	-0.268645240975165
5.4	Z	26	-0.282737640978073
5.4	Z	27	-0.29921458561213
5.4	Z	28	-0.315812833713072
5.4	Z	29	-0.323873006885983
5.4	Z	30	-0.306663875268916

5.5	Z	1	0.298152472348274
5.5	Z	2	0.314683624295816
5.5	Z	3	0.307955217195149
5.5	Z	4	0.292539346704706
5.5	Z	5	0.275500332501815
5.5	Z	6	0.260057009563696
5.5	Z	7	0.244531214246035
5.5	Z	8	0.22326570883192
5.5	Z	9	0.19866824701382
5.5	Z	10	0.174085875596247
5.5	Z	11	0.145121309721934
5.5	Z	12	0.114907983985706
5.5	Z	13	0.0835154223828511
5.5	Z	14	0.050099940900958
5.5	Z	15	0.0173181954619892
5.5	Z	16	-0.0173171100900192
5.5	Z	17	-0.0500850442878118
5.5	Z	18	-0.0834781304016748
5.5	Z	19	-0.114925759170726
5.5	Z	20	-0.145118888384958
5.5	Z	21	-0.174092499516759
5.5	Z	22	-0.198689387872558
5.5	Z	23	-0.223273265140942
5.5	Z	24	-0.244543252450211
5.5	Z	25	-0.26005732549926
5.5	Z	26	-0.275505117520824
5.5	Z	27	-0.292547824692644
5.5	Z	28	-0.307950757945666
5.5	Z	29	-0.314665196160971
5.5	Z	30	-0.298155177579358

5.6	Z	1	0.289896649874515
5.6	Z	2	0.305394596235232
5.6	Z	3	0.300306523720745
5.6	Z	4	0.285802500781261
5.6	Z	5	0.268466645074186
5.6	Z	6	0.252127462559311
5.6	Z	7	0.237331129711719
5.6	Z	8	0.216188554996573
5.6	Z	9	0.192388922623717
5.6	Z	10	0.168339222891832
5.6	Z	11	0.140022744848672
5.6	Z	12	0.111419049332615
5.6	Z	13	0.0802290874497655
5.6	Z	14	0.0487766018611063
5.6	Z	15	0.0163006451977886
5.6	Z	16	-0.0163015302171271
5.6	Z	17	-0.0487610193964012
5.6	Z	18	-0.0801989210338195
5.6	Z	19	-0.111420189748407
5.6	Z	20	-0.140030938939121
5.6	Z	21	-0.168342226410762
5.6	Z	22	-0.192407856008313
5.6	Z	23	-0.216202602895074
5.6	Z	24	-0.237340664151252
5.6	Z	25	-0.252131397824081
5.6	Z	26	-0.268470473788619
5.6	Z	27	-0.285811160397673
5.6	Z	28	-0.30030062175234
5.6	Z	29	-0.305377981435322
5.6	Z	30	-0.289897929411834

5.7	Z	1	0.281686702277605
5.7	Z	2	0.296365225850811
5.7	Z	3	0.292851612972637
5.7	Z	4	0.278868609196395
5.7	Z	5	0.261609197362297
5.7	Z	6	0.244894606271658
5.7	Z	7	0.230001559832545
5.7	Z	8	0.209400819628129
5.7	Z	9	0.186554699736148
5.7	Z	10	0.162478686425278
5.7	Z	11	0.135409293811979
5.7	Z	12	0.107816605206594
5.7	Z	13	0.0772509581895357
5.7	Z	14	0.0473981737370389
5.7	Z	15	0.0153922771946739
5.7	Z	16	-0.0153966531089318
5.7	Z	17	-0.0473794681390928
5.7	Z	18	-0.0772307100062889
5.7	Z	19	-0.107801054781601
5.7	Z	20	-0.135424174151943
5.7	Z	21	-0.162484381642412
5.7	Z	22	-0.186567235056065
5.7	Z	23	-0.209422076616055
5.7	Z	24	-0.230008393695648
5.7	Z	25	-0.244902383412633
5.7	Z	26	-0.261612429023439
5.7	Z	27	-0.278875762805202
5.7	Z	28	-0.29284447430565
5.7	Z	29	-0.296352606017184
5.7	Z	30	-0.281684909288327

5.8	Z	1	0.273374550221182
5.8	Z	2	0.287849725227854
5.8	Z	3	0.285512789890181
5.8	Z	4	0.27174259481204
5.8	Z	5	0.254926075428348
5.8	Z	6	0.238223451253396
5.8	Z	7	0.22261128553361
5.8	Z	8	0.202994081563221
5.8	Z	9	0.180952418986127
5.8	Z	10	0.156715264744342
5.8	Z	11	0.131166018838394
5.8	Z	12	0.104070444557046
5.8	Z	13	0.0746800862850113
5.8	Z	14	0.0458053690771273
5.8	Z	15	0.0147796789205426
5.8	Z	16	-0.0147882368187103
5.8	Z	17	-0.0457824582892029
5.8	Z	18	-0.0746678380963762
5.8	Z	19	-0.104044977808087
5.8	Z	20	-0.131180649757849
5.8	Z	21	-0.156727616210628
5.8	Z	22	-0.180957030134943
5.8	Z	23	-0.203019805906467
5.8	Z	24	-0.222617508281181
5.8	Z	25	-0.238233605154607
5.8	Z	26	-0.254929067181477
5.8	Z	27	-0.271748002827881
5.8	Z	28	-0.285504731703982
5.8	Z	29	-0.287841758357889
5.8	Z	30	-0.273369227600478

5.9	Z	1	0.264923593898764
5.9	Z	2	0.279926891493251
5.9	Z	3	0.278214154836467
5.9	Z	4	0.264542659675745
5.9	Z	5	0.248396836587948
5.9	Z	6	0.231893009590772
5.9	Z	7	0.215359311005779
5.9	Z	8	0.196933299270072
5.9	Z	9	0.175428925787625
5.9	Z	10	0.151280195267844
5.9	Z	11	0.127073174305394
5.9	Z	12	0.100321215492246
5.9	Z	13	0.0724186286713038
5.9	Z	14	0.0440338889842067
5.9	Z	15	0.0144529177869036
5.9	Z	16	-0.01446378337236
5.9	Z	17	-0.0440091348230546
5.9	Z	18	-0.0724098692188806
5.9	Z	19	-0.100295523974316
5.9	Z	20	-0.12708225956082
5.9	Z	21	-0.151298650193705
5.9	Z	22	-0.175428070148911
5.9	Z	23	-0.196958708833689
5.9	Z	24	-0.215367563396013
5.9	Z	25	-0.231903185151922
5.9	Z	26	-0.24839979906548
5.9	Z	27	-0.26454670554337
5.9	Z	28	-0.278205881785115
5.9	Z	29	-0.279922677623204
5.9	Z	30	-0.26491553645224

6	Z	1	0.256412417714813
6	Z	2	0.272486804429162
6	Z	3	0.270930319813753
6	Z	4	0.257436966122707
6	Z	5	0.24197381613174
6	Z	6	0.225696524182447
6	Z	7	0.208467449829245
6	Z	8	0.191090026589195
6	Z	9	0.169952303895745
6	Z	10	0.146301402664649
6	Z	11	0.122948682992279
6	Z	12	0.0967595465116347
6	Z	13	0.0702649170603421
6	Z	14	0.0422552184356933
6	Z	15	0.0142465832397409
6	Z	16	-0.0142559488143419
6	Z	17	-0.0422340575057957
6	Z	18	-0.0702555494164357
6	Z	19	-0.0967408955928891
6	Z	20	-0.122950823919517
6	Z	21	-0.146321509618057
6	Z	22	-0.169950757262402
6	Z	23	-0.191110626713325
6	Z	24	-0.208479132470913
6	Z	25	-0.225704812540629
6	Z	26	-0.241976715566691
6	Z	27	-0.257440086514496
6	Z	28	-0.270923172161559
6	Z	29	-0.272484076472606
6	Z	30	-0.256403234435435

6.1	Z	1	0.247994125110996
6.1	Z	2	0.265292359039641
6.1	Z	3	0.263697273119438
6.1	Z	4	0.250570342276409
6.1	Z	5	0.235602984409711
6.1	Z	6	0.219513412942056
6.1	Z	7	0.202073168426531
6.1	Z	8	0.185325884967535
6.1	Z	9	0.164589858215904
6.1	Z	10	0.141755638125024
6.1	Z	11	0.118748334322016
6.1	Z	12	0.0934971552795691
6.1	Z	13	0.0680492060977003
6.1	Z	14	0.0406498268364918
6.1	Z	15	0.0139649161251276
6.1	Z	16	-0.013969166743519
6.1	Z	17	-0.0406378769584102
6.1	Z	18	-0.0680374157196367
6.1	Z	19	-0.0934874381164147
6.1	Z	20	-0.118746182814675
6.1	Z	21	-0.141771672504263
6.1	Z	22	-0.164591730809871
6.1	Z	23	-0.185339189868845
6.1	Z	24	-0.202087601332669
6.1	Z	25	-0.219519175870329
6.1	Z	26	-0.235605878111798
6.1	Z	27	-0.250572573955752
6.1	Z	28	-0.263692581978307
6.1	Z	29	-0.265288600838822
6.1	Z	30	-0.247985830723635

6.2	Z	1	0.239832206048672
6.2	Z	2	0.258086769725684
6.2	Z	3	0.256586820897583
6.2	Z	4	0.244011568854445
6.2	Z	5	0.229259016781301
6.2	Z	6	0.213327960605181
6.2	Z	7	0.196173115884265
6.2	Z	8	0.179572666038511
6.2	Z	9	0.159433718272059
6.2	Z	10	0.137508434579611
6.2	Z	11	0.114572097657186
6.2	Z	12	0.0905093136290867
6.2	Z	13	0.0657233924808007
6.2	Z	14	0.0392965535329784
6.2	Z	15	0.0135052405212389
6.2	Z	16	-0.0135014020481633
6.2	Z	17	-0.0392968606901217
6.2	Z	18	-0.0657103160563027
6.2	Z	19	-0.0905062290604412
6.2	Z	20	-0.114570444024605
6.2	Z	21	-0.137516412446384
6.2	Z	22	-0.159440198207686
6.2	Z	23	-0.179579211765875
6.2	Z	24	-0.196187883780835
6.2	Z	25	-0.21333160049641
6.2	Z	26	-0.229262060870784
6.2	Z	27	-0.244012283739406
6.2	Z	28	-0.256584983212983
6.2	Z	29	-0.258080836188936
6.2	Z	30	-0.239826388881249

6.3	Z	1	0.232039407230051
6.3	Z	2	0.250700599808552
6.3	Z	3	0.249659638855957
6.3	Z	4	0.237741189318551
6.3	Z	5	0.222967870903974
6.3	Z	6	0.20719853446221
6.3	Z	7	0.190639780649566
6.3	Z	8	0.173863070765661
6.3	Z	9	0.1545308910889
6.3	Z	10	0.133403910880879
6.3	Z	11	0.110584792441485
6.3	Z	12	0.0876723496576491
6.3	Z	13	0.0633612587491619
6.3	Z	14	0.0381429141518199
6.3	Z	15	0.0129007348501368
6.3	Z	16	-0.0128871148531784
6.3	Z	17	-0.0381545528141811
6.3	Z	18	-0.0633500530782288
6.3	Z	19	-0.0876728339742465
6.3	Z	20	-0.110586917424293
6.3	Z	21	-0.133404044567332
6.3	Z	22	-0.154539525999578
6.3	Z	23	-0.173865762939858
6.3	Z	24	-0.190652141532764
6.3	Z	25	-0.207200545424944
6.3	Z	26	-0.222971309638076
6.3	Z	27	-0.237739726591095
6.3	Z	28	-0.249659975165248
6.3	Z	29	-0.250692919468116
6.3	Z	30	-0.232036445049227

6.4	Z	1	0.224641739006472
6.4	Z	2	0.243112248398605
6.4	Z	3	0.242928199413939
6.4	Z	4	0.231678306807945
6.4	Z	5	0.216800701297167
6.4	Z	6	0.201206004764021
6.4	Z	7	0.185294584464707
6.4	Z	8	0.168298881063017
6.4	Z	9	0.149855186132163
6.4	Z	10	0.129345902241859
6.4	Z	11	0.106913765751906
6.4	Z	12	0.0848559763535041
6.4	Z	13	0.0610881299468668
6.4	Z	14	0.0370595641951354
6.4	Z	15	0.0122748190343947
6.4	Z	16	-0.0122526629100052
6.4	Z	17	-0.037077718741675
6.4	Z	18	-0.0610822327040945
6.4	Z	19	-0.0848586617337451
6.4	Z	20	-0.106919101696898
6.4	Z	21	-0.129342367604677
6.4	Z	22	-0.149861695739149
6.4	Z	23	-0.168301035050182
6.4	Z	24	-0.1853028880987
6.4	Z	25	-0.201206962027116
6.4	Z	26	-0.216804573555588
6.4	Z	27	-0.231674846212208
6.4	Z	28	-0.242929397480389
6.4	Z	29	-0.243103852151239
6.4	Z	30	-0.224641174880437

6.5	Z	1	0.217579188448026
6.5	Z	2	0.23544173874953
6.5	Z	3	0.236350676934045
6.5	Z	4	0.225727189880353
6.5	Z	5	0.21084239680048
6.5	Z	6	0.19541324064646
6.5	Z	7	0.179992615750909
6.5	Z	8	0.162984759132467
6.5	Z	9	0.145329201743353
6.5	Z	10	0.125326841550275
6.5	Z	11	0.103583705015714
6.5	Z	12	0.0820060176398003
6.5	Z	13	0.0589938762135702
6.5	Z	14	0.0359288407909162
6.5	Z	15	0.0117523065123849
6.5	Z	16	-0.0117260515757747
6.5	Z	17	-0.0359469118314383
6.5	Z	18	-0.0589955747726118
6.5	Z	19	-0.0820109803187404
6.5	Z	20	-0.103588808208043
6.5	Z	21	-0.125325116536787
6.5	Z	22	-0.14533022685984
6.5	Z	23	-0.162988164129916
6.5	Z	24	-0.179996745883254
6.5	Z	25	-0.195413944808565
6.5	Z	26	-0.210846046626447
6.5	Z	27	-0.225723011089802
6.5	Z	28	-0.236351125787489
6.5	Z	29	-0.235433807360035
6.5	Z	30	-0.217580297215526

6.6	Z	1	0.210739608139916
6.6	Z	2	0.227885905371484
6.6	Z	3	0.229854777943832
6.6	Z	4	0.21981877038656
6.6	Z	5	0.205150762782031
6.6	Z	6	0.189848473456892
6.6	Z	7	0.174676642995336
6.6	Z	8	0.157969025819603
6.6	Z	9	0.140876222047159
6.6	Z	10	0.121400376196536
6.6	Z	11	0.100516168472441
6.6	Z	12	0.0791679600267011
6.6	Z	13	0.0570840391311638
6.6	Z	14	0.0347095912615352
6.6	Z	15	0.0113845865997223
6.6	Z	16	-0.0113598462552634
6.6	Z	17	-0.0347216706038932
6.6	Z	18	-0.0570932353356196
6.6	Z	19	-0.0791756660568811
6.6	Z	20	-0.100517760502899
6.6	Z	21	-0.121404366014893
6.6	Z	22	-0.140870975774838
6.6	Z	23	-0.15797262053196
6.6	Z	24	-0.174678207822053
6.6	Z	25	-0.189849558653155
6.6	Z	26	-0.205153430090969
6.6	Z	27	-0.219815345988055
6.6	Z	28	-0.229853028044262
6.6	Z	29	-0.227879782527739
6.6	Z	30	-0.210741578720407

6.7	Z	1	0.20400821662212
6.7	Z	2	0.220627102346879
6.7	Z	3	0.223377745530927
6.7	Z	4	0.213931342767402
6.7	Z	5	0.199729003455762
6.7	Z	6	0.184509797116845
6.7	Z	7	0.169382402436427
6.7	Z	8	0.153221949399966
6.7	Z	9	0.136464087148853
6.7	Z	10	0.11762678183486
6.7	Z	11	0.0975850519348643
6.7	Z	12	0.0764460546846851
6.7	Z	13	0.055292411567716
6.7	Z	14	0.0334452143678741
6.7	Z	15	0.0111318777009341
6.7	Z	16	-0.0111132043984489
6.7	Z	17	-0.0334484503481146
6.7	Z	18	-0.0553062869527664
6.7	Z	19	-0.0764566921060697
6.7	Z	20	-0.0975824341589554
6.7	Z	21	-0.117637219330364
6.7	Z	22	-0.136454644706144
6.7	Z	23	-0.153222419812285
6.7	Z	24	-0.169384254407579
6.7	Z	25	-0.184511441139719
6.7	Z	26	-0.199730472343506
6.7	Z	27	-0.213928977179668
6.7	Z	28	-0.223372916038108
6.7	Z	29	-0.220623634505499
6.7	Z	30	-0.204010403135771

6.8	Z	1	0.197311811095563
6.8	Z	2	0.213758715193437
6.8	Z	3	0.216901030209842
6.8	Z	4	0.208085612291662
6.8	Z	5	0.194525142785905
6.8	Z	6	0.179379233996535
6.8	Z	7	0.164202488274806
6.8	Z	8	0.148659765911922
6.8	Z	9	0.132115456402837
6.8	Z	10	0.114027137037855
6.8	Z	11	0.0946886375447011
6.8	Z	12	0.0739330086363588
6.8	Z	13	0.0535360409414762
6.8	Z	14	0.0322212898683888
6.8	Z	15	0.0109017604194572
6.8	Z	16	-0.0108915744855096
6.8	Z	17	-0.0322168605305084
6.8	Z	18	-0.0535498551186341
6.8	Z	19	-0.073945909771898
6.8	Z	20	-0.0946839536834249
6.8	Z	21	-0.114041277650328
6.8	Z	22	-0.132105868794268
6.8	Z	23	-0.148653908872243
6.8	Z	24	-0.164206893809899
6.8	Z	25	-0.179381350559297
6.8	Z	26	-0.194525729063222
6.8	Z	27	-0.208083428542635
6.8	Z	28	-0.216893366502982
6.8	Z	29	-0.213757639695063
6.8	Z	30	-0.197313937353264

6.9	Z	1	0.19064025785116
6.9	Z	2	0.207258745102658
6.9	Z	3	0.210462118907992
6.9	Z	4	0.20232182349057
6.9	Z	5	0.189457362872402
6.9	Z	6	0.174436283084913
6.9	Z	7	0.159232148288689
6.9	Z	8	0.144194954572642
6.9	Z	9	0.127885903415591
6.9	Z	10	0.110570569222379
6.9	Z	11	0.0917929423709854
6.9	Z	12	0.0716564986913454
6.9	Z	13	0.05177170537797
6.9	Z	14	0.0311061986109434
6.9	Z	15	0.0106116127311176
6.9	Z	16	-0.010610222499505
6.9	Z	17	-0.0310978718313014
6.9	Z	18	-0.0517808380026519
6.9	Z	19	-0.0716700323937266
6.9	Z	20	-0.0917896180436852
6.9	Z	21	-0.110583526183078
6.9	Z	22	-0.127880182132397
6.9	Z	23	-0.144181940430751
6.9	Z	24	-0.159239250812677
6.9	Z	25	-0.174438614816176
6.9	Z	26	-0.189457749861169
6.9	Z	27	-0.202318802460298
6.9	Z	28	-0.210452969503057
6.9	Z	29	-0.207258853956569
6.9	Z	30	-0.190642582605752

7	Z	1	0.184039706276963
7	Z	2	0.201016286607133
7	Z	3	0.204136547439232
7	Z	4	0.196675750301675
7	Z	5	0.18445045104586
7	Z	6	0.169664159934162
7	Z	7	0.154526024637429
7	Z	8	0.13978146941653
7	Z	9	0.123826968593298
7	Z	10	0.107198139376987
7	Z	11	0.0889263088668083
7	Z	12	0.0695701384798119
7	Z	13	0.0500181856375881
7	Z	14	0.0301130361788991
7	Z	15	0.0102344919272092
7	Z	16	-0.0102402744392465
7	Z	17	-0.0301050296447093
7	Z	18	-0.0500204282939547
7	Z	19	-0.0695821827917744
7	Z	20	-0.0889271902083939
7	Z	21	-0.107205720206877
7	Z	22	-0.123827026134225
7	Z	23	-0.139763518860581
7	Z	24	-0.154533864860961
7	Z	25	-0.169666508723459
7	Z	26	-0.184451536824142
7	Z	27	-0.196671443993823
7	Z	28	-0.204127525923295
7	Z	29	-0.201016024180962
7	Z	30	-0.184042808389204

7.1	Z	1	0.17758431281346
7.1	Z	2	0.194891431283784
7.1	Z	3	0.197999752639176
7.1	Z	4	0.191165406411011
7.1	Z	5	0.179465196986108
7.1	Z	6	0.165047394330807
7.1	Z	7	0.150082999496923
7.1	Z	8	0.135432519250688
7.1	Z	9	0.119956006586209
7.1	Z	10	0.103862700481429
7.1	Z	11	0.0861401331444381
7.1	Z	12	0.0675870865026746
7.1	Z	13	0.048335855772616
7.1	Z	14	0.0292027950017073
7.1	Z	15	0.00980402641274397
7.1	Z	16	-0.00981423214522393
7.1	Z	17	-0.0291981916422324
7.1	Z	18	-0.0483324457445747
7.1	Z	19	-0.0675952477038841
7.1	Z	20	-0.0861466157664982
7.1	Z	21	-0.10386338780487
7.1	Z	22	-0.119961056468659
7.1	Z	23	-0.135413532038003
7.1	Z	24	-0.150088884869367
7.1	Z	25	-0.165049869933221
7.1	Z	26	-0.179467570719917
7.1	Z	27	-0.191160040528048
7.1	Z	28	-0.197991687544977
7.1	Z	29	-0.194889693738093
7.1	Z	30	-0.177588455641724

7.2	Z	1	0.171341673046994
7.2	Z	2	0.188778211078073
7.2	Z	3	0.192091496690455
7.2	Z	4	0.185789598562027
7.2	Z	5	0.174508211958958
7.2	Z	6	0.160566220134754
7.2	Z	7	0.145859097006392
7.2	Z	8	0.131205468272742
7.2	Z	9	0.116250334040361
7.2	Z	10	0.100555235347701
7.2	Z	11	0.0834677121181784
7.2	Z	12	0.0656294253887392
7.2	Z	13	0.0467836656468601
7.2	Z	14	0.0283187933111191
7.2	Z	15	0.00938395465035403
7.2	Z	16	-0.00939591077586588
7.2	Z	17	-0.0283192803662672
7.2	Z	18	-0.0467778314754834
7.2	Z	19	-0.0656313077962068
7.2	Z	20	-0.0834797030714536
7.2	Z	21	-0.100550326032374
7.2	Z	22	-0.116257745590268
7.2	Z	23	-0.131189026722539
7.2	Z	24	-0.145861128726029
7.2	Z	25	-0.160569102464557
7.2	Z	26	-0.17451155136609
7.2	Z	27	-0.185784267349594
7.2	Z	28	-0.192083958777347
7.2	Z	29	-0.188774933814834
7.2	Z	30	-0.171346558526046

7.3	Z	1	0.165347073731664
7.3	Z	2	0.182645000940649
7.3	Z	3	0.186399116723228
7.3	Z	4	0.180536332117959
7.3	Z	5	0.169619441982419
7.3	Z	6	0.156195776449078
7.3	Z	7	0.141795152023001
7.3	Z	8	0.127166181577401
7.3	Z	9	0.112666591170431
7.3	Z	10	0.0973040771081736
7.3	Z	11	0.0809056674575034
7.3	Z	12	0.0636610922910374
7.3	Z	13	0.0453826581129128
7.3	Z	14	0.0274251256145994
7.3	Z	15	0.00902726227831978
7.3	Z	16	-0.00903892930379789
7.3	Z	17	-0.0274313202058293
7.3	Z	18	-0.0453769408037038
7.3	Z	19	-0.0636559102729558
7.3	Z	20	-0.0809214577911135
7.3	Z	21	-0.0972966784549288
7.3	Z	22	-0.112673339395232
7.3	Z	23	-0.127154196277411
7.3	Z	24	-0.141793066660289
7.3	Z	25	-0.156199204448141
7.3	Z	26	-0.169622869589594
7.3	Z	27	-0.180532410155233
7.3	Z	28	-0.186391212202924
7.3	Z	29	-0.182641056027049
7.3	Z	30	-0.165352105138389

7.4	Z	1	0.159594922172642
7.4	Z	2	0.176538720599783
7.4	Z	3	0.180865574328753
7.4	Z	4	0.175393345034413
7.4	Z	5	0.164847192622973
7.4	Z	6	0.151912715434819
7.4	Z	7	0.137842945679895
7.4	Z	8	0.123353910440765
7.4	Z	9	0.109169771450622
7.4	Z	10	0.0941530592132507
7.4	Z	11	0.0784226708052006
7.4	Z	12	0.061691293160604
7.4	Z	13	0.0441055688909299
7.4	Z	14	0.0265256497327384
7.4	Z	15	0.00874932039188663
7.4	Z	16	-0.00875965047739632
7.4	Z	17	-0.026536992390161
7.4	Z	18	-0.0441006942668103
7.4	Z	19	-0.0616810972679353
7.4	Z	20	-0.078439110227499
7.4	Z	21	-0.0941464943465495
7.4	Z	22	-0.109173798176375
7.4	Z	23	-0.123346194549697
7.4	Z	24	-0.137838254463156
7.4	Z	25	-0.151916236785226
7.4	Z	26	-0.164850084816732
7.4	Z	27	-0.17539140817132
7.4	Z	28	-0.180857163332265
7.4	Z	29	-0.176535305246271
7.4	Z	30	-0.159599198536458

7.5	Z	1	0.154047970335234
7.5	Z	2	0.170552776795958
7.5	Z	3	0.175419396535381
7.5	Z	4	0.170353727302574
7.5	Z	5	0.160223748502748
7.5	Z	6	0.147704358322101
7.5	Z	7	0.133978315122275
7.5	Z	8	0.119763912003765
7.5	Z	9	0.105753597950118
7.5	Z	10	0.0911350410218563
7.5	Z	11	0.0759839174904025
7.5	Z	12	0.0597543679648519
7.5	Z	13	0.042894256665353
7.5	Z	14	0.0256555351200311
7.5	Z	15	0.00852698761541275
7.5	Z	16	-0.00853615759800136
7.5	Z	17	-0.0256701830842274
7.5	Z	18	-0.0428898391948132
7.5	Z	19	-0.0597431415393918
7.5	Z	20	-0.0759973909803025
7.5	Z	21	-0.0911316649969824
7.5	Z	22	-0.10575445333264
7.5	Z	23	-0.119758550863751
7.5	Z	24	-0.13397353278133
7.5	Z	25	-0.147706876988068
7.5	Z	26	-0.160226158485614
7.5	Z	27	-0.170353016483415
7.5	Z	28	-0.175411599840199
7.5	Z	29	-0.170550769261744
7.5	Z	30	-0.154050404795621

7.6	Z	1	0.148658069751411
7.6	Z	2	0.164777629454885
7.6	Z	3	0.170010276861206
7.6	Z	4	0.16541518037168
7.6	Z	5	0.155753067406971
7.6	Z	6	0.143573816358681
7.6	Z	7	0.130199418051316
7.6	Z	8	0.116353270033916
7.6	Z	9	0.102441095368494
7.6	Z	10	0.0882569550546248
7.6	Z	11	0.073572873835005
7.6	Z	12	0.0578821791602877
7.6	Z	13	0.0416911394264534
7.6	Z	14	0.0248547619111719
7.6	Z	15	0.00831997559801578
7.6	Z	16	-0.0083291469473401
7.6	Z	17	-0.0248698822108185
7.6	Z	18	-0.0416870367906164
7.6	Z	19	-0.0578736905631154
7.6	Z	20	-0.0735807879132525
7.6	Z	21	-0.088257743405369
7.6	Z	22	-0.102439700421223
7.6	Z	23	-0.116347593723262
7.6	Z	24	-0.130196688857522
7.6	Z	25	-0.143574300285362
7.6	Z	26	-0.155755384392607
7.6	Z	27	-0.165413894595019
7.6	Z	28	-0.170005263381395
7.6	Z	29	-0.164776933754245
7.6	Z	30	-0.148657923288689

7.7	Z	1	0.143387527080981
7.7	Z	2	0.159259938354836
7.7	Z	3	0.164631499156392
7.7	Z	4	0.160575784877122
7.7	Z	5	0.151414242410746
7.7	Z	6	0.139537138966456
7.7	Z	7	0.12651633483497
7.7	Z	8	0.113063917019234
7.7	Z	9	0.0992673935703771
7.7	Z	10	0.0855023206290609
7.7	Z	11	0.0711983791604406
7.7	Z	12	0.0560857268900138
7.7	Z	13	0.0404652455477686
7.7	Z	14	0.0241419802287669
7.7	Z	15	0.00809798263643543
7.7	Z	16	-0.0081086497315642
7.7	Z	17	-0.0241544362305448
7.7	Z	18	-0.0404624479494992
7.7	Z	19	-0.056081543540207
7.7	Z	20	-0.0712003492331258
7.7	Z	21	-0.0855069370220775
7.7	Z	22	-0.0992652532852926
7.7	Z	23	-0.113055695748758
7.7	Z	24	-0.12651650533992
7.7	Z	25	-0.139535295264428
7.7	Z	26	-0.151416587367348
7.7	Z	27	-0.160572430998052
7.7	Z	28	-0.164631232678436
7.7	Z	29	-0.159259630472671
7.7	Z	30	-0.14338482026829

7.8	Z	1	0.138222024837071
7.8	Z	2	0.15398802907334
7.8	Z	3	0.159319632692724
7.8	Z	4	0.155830780206825
7.8	Z	5	0.1471752832232
7.8	Z	6	0.135613876852913
7.8	Z	7	0.122939628004652
7.8	Z	8	0.109848748206659
7.8	Z	9	0.0962571316574977
7.8	Z	10	0.0828461526594339
7.8	Z	11	0.0688865059295912
7.8	Z	12	0.0543534774503876
7.8	Z	13	0.0392200161888198
7.8	Z	14	0.0235034281449019
7.8	Z	15	0.00785600363611434
7.8	Z	16	-0.0078691199360537
7.8	Z	17	-0.0235109625692144
7.8	Z	18	-0.0392203384806473
7.8	Z	19	-0.05435255835816
7.8	Z	20	-0.0688844149850574
7.8	Z	21	-0.0828533515201651
7.8	Z	22	-0.0962553794542482
7.8	Z	23	-0.109837051992972
7.8	Z	24	-0.122942114923289
7.8	Z	25	-0.135610252291702
7.8	Z	26	-0.147177185152332
7.8	Z	27	-0.155825439806498
7.8	Z	28	-0.159324575724401
7.8	Z	29	-0.153987274538494
7.8	Z	30	-0.138217261253468

7.9	Z	1	0.133170854704425
7.9	Z	2	0.148905703600197
7.9	Z	3	0.154133467820125
7.9	Z	4	0.151173966009605
7.9	Z	5	0.143008476817198
7.9	Z	6	0.131816389633711
7.9	Z	7	0.119473498821841
7.9	Z	8	0.106687585835662
7.9	Z	9	0.0934096617907834
7.9	Z	10	0.0802714386733792
7.9	Z	11	0.0666641566919263
7.9	Z	12	0.0526634750882706
7.9	Z	13	0.037982572921851
7.9	Z	14	0.0229011641096161
7.9	Z	15	0.00761095329501873
7.9	Z	16	-0.0076263533935953
7.9	Z	17	-0.0229036041456845
7.9	Z	18	-0.0379872172097688
7.9	Z	19	-0.0526634407067202
7.9	Z	20	-0.0666611214935139
7.9	Z	21	-0.0802796256627872
7.9	Z	22	-0.0934083967067064
7.9	Z	23	-0.106673064411373
7.9	Z	24	-0.119476804765912
7.9	Z	25	-0.13181198125048
7.9	Z	26	-0.143009133707246
7.9	Z	27	-0.15116827723691
7.9	Z	28	-0.154142100539073
7.9	Z	29	-0.148904425542104
7.9	Z	30	-0.133164617851963

8	Z	1	0.128256354514669
8	Z	2	0.143943513940092
8	Z	3	0.149124035464519
8	Z	4	0.146602602243642
8	Z	5	0.138900972604649
8	Z	6	0.128142665358993
8	Z	7	0.116115068632743
8	Z	8	0.10358792479972
8	Z	9	0.0906988445118221
8	Z	10	0.0777771529607649
8	Z	11	0.0645446971971552
8	Z	12	0.0509995130098668
8	Z	13	0.0367835838218965
8	Z	14	0.0222939289281732
8	Z	15	0.00738491345270126
8	Z	16	-0.0074014753718327
8	Z	17	-0.0222933489582444
8	Z	18	-0.0367917888767774
8	Z	19	-0.050998319241197
8	Z	20	-0.0645436729865246
8	Z	21	-0.0777849863051435
8	Z	22	-0.0906971740214362
8	Z	23	-0.103572468644236
8	Z	24	-0.116117611498559
8	Z	25	-0.128138259023089
8	Z	26	-0.138899949023428
8	Z	27	-0.146598724358553
8	Z	28	-0.149133399412643
8	Z	29	-0.143942516498826
8	Z	30	-0.128249096565936

8.1	Z	1	0.123499461266995
8.1	Z	2	0.139051434249226
8.1	Z	3	0.144311072401824
8.1	Z	4	0.14212107158097
8.1	Z	5	0.134857026032827
8.1	Z	6	0.124576118349586
8.1	Z	7	0.112857725667474
8.1	Z	8	0.100573221569947
8.1	Z	9	0.0880860528377719
8.1	Z	10	0.0753744848945476
8.1	Z	11	0.0625235687786388
8.1	Z	12	0.0493612475774398
8.1	Z	13	0.0356396740660525
8.1	Z	14	0.0216574270152383
8.1	Z	15	0.00718789782395869
8.1	Z	16	-0.00720424748710648
8.1	Z	17	-0.0216571805734454
8.1	Z	18	-0.0356486506784483
8.1	Z	19	-0.0493582698385229
8.1	Z	20	-0.0625261075292137
8.1	Z	21	-0.075381277651386
8.1	Z	22	-0.0880827324987145
8.1	Z	23	-0.100559173932347
8.1	Z	24	-0.112858340014571
8.1	Z	25	-0.124571811106555
8.1	Z	26	-0.134854882122027
8.1	Z	27	-0.142120552261222
8.1	Z	28	-0.14431813281635
8.1	Z	29	-0.139051845796015
8.1	Z	30	-0.123491480027413

8.2	Z	1	0.118908882931298
8.2	Z	2	0.13421763625106
8.2	Z	3	0.139676604028821
8.2	Z	4	0.137740596555946
8.2	Z	5	0.130892100921329
8.2	Z	6	0.121093042192263
8.2	Z	7	0.109694841842972
8.2	Z	8	0.0976665096985038
8.2	Z	9	0.0855380134630354
8.2	Z	10	0.0730755475716932
8.2	Z	11	0.0605844877316674
8.2	Z	12	0.0477633779808589
8.2	Z	13	0.0345473054205971
8.2	Z	14	0.0209926336870018
8.2	Z	15	0.00701131270812948
8.2	Z	16	-0.00702655819934456
8.2	Z	17	-0.0209957575444206
8.2	Z	18	-0.0345536986517335
8.2	Z	19	-0.0477593825841199
8.2	Z	20	-0.0605902871193019
8.2	Z	21	-0.0730812199983586
8.2	Z	22	-0.0855322694521359
8.2	Z	23	-0.0976557508301085
8.2	Z	24	-0.109692814612671
8.2	Z	25	-0.121088362981547
8.2	Z	26	-0.130890262541362
8.2	Z	27	-0.137743740924714
8.2	Z	28	-0.139679583531403
8.2	Z	29	-0.134219934444056
8.2	Z	30	-0.11890059707008

8.3	Z	1	0.114478048606913
8.3	Z	2	0.12946649756067
8.3	Z	3	0.135177324359522
8.3	Z	4	0.133474246990472
8.3	Z	5	0.127022955913937
8.3	Z	6	0.117673434859553
8.3	Z	7	0.106621439830809
8.3	Z	8	0.0948778636191479
8.3	Z	9	0.0830397710316032
8.3	Z	10	0.0708826614211564
8.3	Z	11	0.0587108335616324
8.3	Z	12	0.0462256346164956
8.3	Z	13	0.0334894698418191
8.3	Z	14	0.020319172565253
8.3	Z	15	0.00683450624171537
8.3	Z	16	-0.00684867254617136
8.3	Z	17	-0.0203268352070576
8.3	Z	18	-0.0334914570616561
8.3	Z	19	-0.0462217984118618
8.3	Z	20	-0.0587182335098832
8.3	Z	21	-0.0708874018499757
8.3	Z	22	-0.0830318287997319
8.3	Z	23	-0.0948711809772771
8.3	Z	24	-0.106616507853623
8.3	Z	25	-0.117667847750439
8.3	Z	26	-0.127022759296476
8.3	Z	27	-0.133480144905765
8.3	Z	28	-0.135176280480024
8.3	Z	29	-0.129470096476199
8.3	Z	30	-0.114470140236284

8.4	Z	1	0.110189937254694
8.4	Z	2	0.124840087287954
8.4	Z	3	0.130767707677036
8.4	Z	4	0.12932953742359
8.4	Z	5	0.123259240149202
8.4	Z	6	0.114309314943998
8.4	Z	7	0.10363350043082
8.4	Z	8	0.0922007459482408
8.4	Z	9	0.0805970924108419
8.4	Z	10	0.0687849116023571
8.4	Z	11	0.0568947223131483
8.4	Z	12	0.0447606938345325
8.4	Z	13	0.0324488468761852
8.4	Z	14	0.0196601327075639
8.4	Z	15	0.00663865207898294
8.4	Z	16	-0.00665261212672268
8.4	Z	17	-0.019671020879177
8.4	Z	18	-0.0324473755759798
8.4	Z	19	-0.0447575597032692
8.4	Z	20	-0.0569015736842782
8.4	Z	21	-0.0687889243431918
8.4	Z	22	-0.0805880962331347
8.4	Z	23	-0.0921977336836836
8.4	Z	24	-0.103626009461444
8.4	Z	25	-0.114302619511314
8.4	Z	26	-0.123261044970485
8.4	Z	27	-0.12933665449965
8.4	Z	28	-0.130764072398483
8.4	Z	29	-0.124843714113071
8.4	Z	30	-0.110183159377493

8.5	Z	1	0.106025958461351
8.5	Z	2	0.120374764751132
8.5	Z	3	0.126421185082064
8.5	Z	4	0.125303237451669
8.5	Z	5	0.119600194482022
8.5	Z	6	0.11100662856932
8.5	Z	7	0.100726175752159
8.5	Z	8	0.0896172694213681
8.5	Z	9	0.078228422739814
8.5	Z	10	0.0667633235710127
8.5	Z	11	0.0551386706817818
8.5	Z	12	0.0433677089245441
8.5	Z	13	0.0314184427730086
8.5	Z	14	0.0190288444741073
8.5	Z	15	0.00641823103125238
8.5	Z	16	-0.0064331717378188
8.5	Z	17	-0.0190399134266497
8.5	Z	18	-0.031416722363489
8.5	Z	19	-0.0433649564955904
8.5	Z	20	-0.0551430348703532
8.5	Z	21	-0.0667668064775294
8.5	Z	22	-0.0782198637122194
8.5	Z	23	-0.0896166104741913
8.5	Z	24	-0.100717160868229
8.5	Z	25	-0.110999135728619
8.5	Z	26	-0.119603211813429
8.5	Z	27	-0.125310131368354
8.5	Z	28	-0.126416822259303
8.5	Z	29	-0.120377022015497
8.5	Z	30	-0.106020960457605

8.6	Z	1	0.101973976931995
8.6	Z	2	0.116084344053269
8.6	Z	3	0.122139605401242
8.6	Z	4	0.121382004269713
8.6	Z	5	0.116036790820615
8.6	Z	6	0.107779931309325
8.6	Z	7	0.0978928752356731
8.6	Z	8	0.0871081122946431
8.6	Z	9	0.075951794267455
8.6	Z	10	0.0648004359981278
8.6	Z	11	0.0534501879296013
8.6	Z	12	0.0420345427786061
8.6	Z	13	0.0304038331855413
8.6	Z	14	0.0184246991063596
8.6	Z	15	0.00618302733065764
8.6	Z	16	-0.00619979992130134
8.6	Z	17	-0.0184329311846009
8.6	Z	18	-0.0304054155097558
8.6	Z	19	-0.0420315327542801
8.6	Z	20	-0.0534507373119258
8.6	Z	21	-0.0648036581073547
8.6	Z	22	-0.0759448574231079
8.6	Z	23	-0.0871079641626629
8.6	Z	24	-0.0978839915254202
8.6	Z	25	-0.107772364784246
8.6	Z	26	-0.116039512614198
8.6	Z	27	-0.121387707829379
8.6	Z	28	-0.122135998685621
8.6	Z	29	-0.116084353165854
8.6	Z	30	-0.101971067057099

8.7	Z	1	0.0980318104260417
8.7	Z	2	0.111956508097886
8.7	Z	3	0.117947744166081
8.7	Z	4	0.117548375363731
8.7	Z	5	0.112557129951888
8.7	Z	6	0.104643024343157
8.7	Z	7	0.0951267612549387
8.7	Z	8	0.0846608964758163
8.7	Z	9	0.0737741125916489
8.7	Z	10	0.0628881706247359
8.7	Z	11	0.0518339693368988
8.7	Z	12	0.0407460397114135
8.7	Z	13	0.02941727350486
8.7	Z	14	0.0178381807139763
8.7	Z	15	0.00595093578770659
8.7	Z	16	-0.00596960958135032
8.7	Z	17	-0.0178422875801155
8.7	Z	18	-0.0294240360183551
8.7	Z	19	-0.0407424872710002
8.7	Z	20	-0.0518302027919749
8.7	Z	21	-0.0628914812796791
8.7	Z	22	-0.0737692161015078
8.7	Z	23	-0.0846594130689039
8.7	Z	24	-0.0951199234201281
8.7	Z	25	-0.104636235404615
8.7	Z	26	-0.112558034073291
8.7	Z	27	-0.117552452370011
8.7	Z	28	-0.117945520182722
8.7	Z	29	-0.111954337274796
8.7	Z	30	-0.0980307467389347

8.8	Z	1	0.094205165637376
8.8	Z	2	0.107962388731638
8.8	Z	3	0.113877337621177
8.8	Z	4	0.113788557244986
8.8	Z	5	0.109151802196817
8.8	Z	6	0.101601081966241
8.8	Z	7	0.0924236679085015
8.8	Z	8	0.082272700324737
8.8	Z	9	0.0716879098012095
8.8	Z	10	0.0610298254393828
8.8	Z	11	0.0502870875074479
8.8	Z	12	0.0394923634332385
8.8	Z	13	0.0284689520051044
8.8	Z	14	0.0172599658489292
8.8	Z	15	0.00573729177697368
8.8	Z	16	-0.00575705017433902
8.8	Z	17	-0.0172610216374816
8.8	Z	18	-0.028480278977687
8.8	Z	19	-0.0394886051306354
8.8	Z	20	-0.0502794225217177
8.8	Z	21	-0.0610334527550483
8.8	Z	22	-0.0716847204510557
8.8	Z	23	-0.0822686342744604
8.8	Z	24	-0.0924203032802071
8.8	Z	25	-0.101595729060614
8.8	Z	26	-0.109149973501187
8.8	Z	27	-0.113791011153865
8.8	Z	28	-0.113876335588205
8.8	Z	29	-0.107958849599689
8.8	Z	30	-0.0942052647986347

8.9	Z	1	0.0905020768650186
8.9	Z	2	0.104072423310839
8.9	Z	3	0.109949991997338
8.9	Z	4	0.110098493620053
8.9	Z	5	0.105816465240725
8.9	Z	6	0.0986480450655577
8.9	Z	7	0.0897838741588288
8.9	Z	8	0.0799467841244035
8.9	Z	9	0.0696762539252785
8.9	Z	10	0.0592355658502517
8.9	Z	11	0.0487999403770586
8.9	Z	12	0.0382722418976916
8.9	Z	13	0.0275614491524356
8.9	Z	14	0.0166877134401615
8.9	Z	15	0.00554734263151154
8.9	Z	16	-0.00556678754049919
8.9	Z	17	-0.01668844949771
8.9	Z	18	-0.0275749483900996
8.9	Z	19	-0.0382689774309133
8.9	Z	20	-0.0487896095902788
8.9	Z	21	-0.0592393078445218
8.9	Z	22	-0.069674080576505
8.9	Z	23	-0.0799400318250087
8.9	Z	24	-0.0897841321771009
8.9	Z	25	-0.0986444315847337
8.9	Z	26	-0.105811820548787
8.9	Z	27	-0.110099573217028
8.9	Z	28	-0.109949776887617
8.9	Z	29	-0.104068443190426
8.9	Z	30	-0.0905025461013134

9	Z	1	0.0869273115250176
9	Z	2	0.10026940806806
9	Z	3	0.106167569644457
9	Z	4	0.106485275783735
9	Z	5	0.10255133183953
9	Z	6	0.095769944805285
9	Z	7	0.0872110032550411
9	Z	8	0.0776870533646515
9	Z	9	0.0677219522789666
9	Z	10	0.0575144922224482
9	Z	11	0.0473615226351935
9	Z	12	0.0370903299686021
9	Z	13	0.0266902115814252
9	Z	14	0.0161268218194193
9	Z	15	0.00537570297901801
9	Z	16	-0.0053934779377741
9	Z	17	-0.0161300872863028
9	Z	18	-0.0267032581563715
9	Z	19	-0.0370881072479912
9	Z	20	-0.0473502386952365
9	Z	21	-0.0575176447534867
9	Z	22	-0.0677200467632235
9	Z	23	-0.0776788504071497
9	Z	24	-0.0872135660900015
9	Z	25	-0.0957680967501562
9	Z	26	-0.102544457313801
9	Z	27	-0.10648521997372
9	Z	28	-0.106167851729302
9	Z	29	-0.100265611799385
9	Z	30	-0.0869275008633518

9.1	Z	1	0.0834793090718433
9.1	Z	2	0.0965531640245334
9.1	Z	3	0.102513668661171
9.1	Z	4	0.102962945940056
9.1	Z	5	0.0993589648222059
9.1	Z	6	0.0929518739927328
9.1	Z	7	0.0847085859768102
9.1	Z	8	0.0754942508922698
9.1	Z	9	0.0658150829161212
9.1	Z	10	0.0558681832841203
9.1	Z	11	0.0459649172536708
9.1	Z	12	0.0359517879620436
9.1	Z	13	0.0258483614092056
9.1	Z	14	0.0155859728205148
9.1	Z	15	0.00521187156211604
9.1	Z	16	-0.00522733355663105
9.1	Z	17	-0.0155932566033198
9.1	Z	18	-0.0258593722564954
9.1	Z	19	-0.0359506741384598
9.1	Z	20	-0.0459543819876097
9.1	Z	21	-0.0558698421675747
9.1	Z	22	-0.0658127823642332
9.1	Z	23	-0.0754866444982705
9.1	Z	24	-0.0847113387244138
9.1	Z	25	-0.0929516785724819
9.1	Z	26	-0.0993508394730855
9.1	Z	27	-0.102961781363477
9.1	Z	28	-0.102514371114882
9.1	Z	29	-0.0965498164654837
9.1	Z	30	-0.0834787912192583

9.2	Z	1	0.0801506562960174
9.2	Z	2	0.092936181528011
9.2	Z	3	0.0989636742448717
9.2	Z	4	0.0995448074223966
9.2	Z	5	0.0962420720663588
9.2	Z	6	0.0901847313867534
9.2	Z	7	0.0822766336537364
9.2	Z	8	0.0733654770818841
9.2	Z	9	0.0639549104845634
9.2	Z	10	0.0542891956269874
9.2	Z	11	0.0446094808001875
9.2	Z	12	0.0348581016563842
9.2	Z	13	0.0250316740299668
9.2	Z	14	0.0150714328847597
9.2	Z	15	0.00504739773467302
9.2	Z	16	-0.00506092648828166
9.2	Z	17	-0.0150822416983591
9.2	Z	18	-0.0250404968216707
9.2	Z	19	-0.0348577956247169
9.2	Z	20	-0.044600836406705
9.2	Z	21	-0.0542887693735252
9.2	Z	22	-0.0639517880351998
9.2	Z	23	-0.0733602559092764
9.2	Z	24	-0.0822777427812224
9.2	Z	25	-0.0901858827698189
9.2	Z	26	-0.0962338258502557
9.2	Z	27	-0.0995423989466483
9.2	Z	28	-0.0989648137933812
9.2	Z	29	-0.092933312321254
9.2	Z	30	-0.0801492035083358

9.3	Z	1	0.0769311934972141
9.3	Z	2	0.089434073298517
9.3	Z	3	0.0954971392905601
9.3	Z	4	0.0962363976561494
9.3	Z	5	0.0932024120326611
9.3	Z	6	0.0874681934364381
9.3	Z	7	0.0799103576931307
9.3	Z	8	0.0712960842284134
9.3	Z	9	0.0621462996985317
9.3	Z	10	0.0527647440907976
9.3	Z	11	0.0432989126817243
9.3	Z	12	0.0338064969132236
9.3	Z	13	0.0242404878680183
9.3	Z	14	0.0145840028900876
9.3	Z	15	0.00488010235806081
9.3	Z	16	-0.00489280182886355
9.3	Z	17	-0.0145963741280067
9.3	Z	18	-0.0242479559419145
9.3	Z	19	-0.0338067040289892
9.3	Z	20	-0.0432923588675139
9.3	Z	21	-0.0527623375772854
9.3	Z	22	-0.0621423420284992
9.3	Z	23	-0.0712938164390389
9.3	Z	24	-0.0799090893150879
9.3	Z	25	-0.0874700946303099
9.3	Z	26	-0.0931950507934991
9.3	Z	27	-0.0962327451332673
9.3	Z	28	-0.0954986442653236
9.3	Z	29	-0.0894316559192765
9.3	Z	30	-0.0769287338982275

9.4	Z	1	0.0738118439175957
9.4	Z	2	0.08605648119918
9.4	Z	3	0.0921059933308324
9.4	Z	4	0.0930328716444298
9.4	Z	5	0.0902406996958567
9.4	Z	6	0.0848089129205525
9.4	Z	7	0.0776017489883284
9.4	Z	8	0.0692817946601157
9.4	Z	9	0.0603940113989366
9.4	Z	10	0.0512827903797314
9.4	Z	11	0.0420370925018727
9.4	Z	12	0.0327923358299824
9.4	Z	13	0.0234781557797779
9.4	Z	14	0.0141199373553062
9.4	Z	15	0.0047135320908622
9.4	Z	16	-0.00472654561322595
9.4	Z	17	-0.0141316839374918
9.4	Z	18	-0.0234852571556221
9.4	Z	19	-0.0327930686411817
9.4	Z	20	-0.042031936148166
9.4	Z	21	-0.0512791348224435
9.4	Z	22	-0.0603896955812948
9.4	Z	23	-0.0692816042940795
9.4	Z	24	-0.0775986057378031
9.4	Z	25	-0.0848107468232657
9.4	Z	26	-0.0902348502698981
9.4	Z	27	-0.0930282826661119
9.4	Z	28	-0.0921076421694571
9.4	Z	29	-0.0860544972563908
9.4	Z	30	-0.0738084619654643

9.5	Z	1	0.0707873330340757
9.5	Z	2	0.082802486999102
9.5	Z	3	0.0887952794116725
9.5	Z	4	0.0899218832706863
9.5	Z	5	0.087356768933422
9.5	Z	6	0.0822156229642294
9.5	Z	7	0.0753431593478502
9.5	Z	8	0.0673195244420594
9.5	Z	9	0.0586986749715596
9.5	Z	10	0.0498367193857165
9.5	Z	11	0.0408245401844145
9.5	Z	12	0.0318121335886593
9.5	Z	13	0.0227479107005049
9.5	Z	14	0.0136743130103636
9.5	Z	15	0.00455328017061192
9.5	Z	16	-0.00456719217606646
9.5	Z	17	-0.0136841747800522
9.5	Z	18	-0.0227551337836187
9.5	Z	19	-0.0318137283525134
9.5	Z	20	-0.0408196844812228
9.5	Z	21	-0.0498326986331582
9.5	Z	22	-0.0586947955744849
9.5	Z	23	-0.0673197411429378
9.5	Z	24	-0.0753393679298213
9.5	Z	25	-0.0822165301476419
9.5	Z	26	-0.0873526297061994
9.5	Z	27	-0.0899168642065976
9.5	Z	28	-0.0887967997428161
9.5	Z	29	-0.0828008378722196
9.5	Z	30	-0.0707833117230424

9.6	Z	1	0.0678567485962374
9.6	Z	2	0.0796617662554407
9.6	Z	3	0.0855774418594321
9.6	Z	4	0.0868898824152009
9.6	Z	5	0.0845495723890168
9.6	Z	6	0.0796940559312274
9.6	Z	7	0.0731306987232558
9.6	Z	8	0.0654069589153031
9.6	Z	9	0.0570561881273682
9.6	Z	10	0.0484262751786782
9.6	Z	11	0.0396574274739056
9.6	Z	12	0.0308651174850666
9.6	Z	13	0.0220505146296386
9.6	Z	14	0.0132441531271542
9.6	Z	15	0.00440327670979885
9.6	Z	16	-0.00441794510159909
9.6	Z	17	-0.0132521820609313
9.6	Z	18	-0.0220577050859379
9.6	Z	19	-0.0308679672542781
9.6	Z	20	-0.0396520416752438
9.6	Z	21	-0.0484224224904025
9.6	Z	22	-0.0570534620142535
9.6	Z	23	-0.0654061573388785
9.6	Z	24	-0.0731273987051636
9.6	Z	25	-0.0796933928319856
9.6	Z	26	-0.0845469911938591
9.6	Z	27	-0.0868849862423239
9.6	Z	28	-0.08557855893473
9.6	Z	29	-0.0796603069341726
9.6	Z	30	-0.0678524873292344

9.7	Z	1	0.0650219814134732
9.7	Z	2	0.076620001761571
9.7	Z	3	0.0824639966237891
9.7	Z	4	0.0839281928478454
9.7	Z	5	0.0818171136849024
9.7	Z	6	0.0772443156773349
9.7	Z	7	0.0709653468225154
9.7	Z	8	0.0635418804595013
9.7	Z	9	0.0554598731869484
9.7	Z	10	0.0470549891646143
9.7	Z	11	0.0385293750606943
9.7	Z	12	0.0299525868959695
9.7	Z	13	0.0213839811554942
9.7	Z	14	0.0128294330430592
9.7	Z	15	0.00426419950902579
9.7	Z	16	-0.00427901202985394
9.7	Z	17	-0.0128365848520722
9.7	Z	18	-0.0213906372208127
9.7	Z	19	-0.0299567967603502
9.7	Z	20	-0.0385233638699541
9.7	Z	21	-0.0470513023322623
9.7	Z	22	-0.0554585485074484
9.7	Z	23	-0.0635395911210963
9.7	Z	24	-0.0709629676250788
9.7	Z	25	-0.0772419306225538
9.7	Z	26	-0.0818156047180488
9.7	Z	27	-0.0839239081403815
9.7	Z	28	-0.0824644650215582
9.7	Z	29	-0.0766187124151576
9.7	Z	30	-0.0650178250612039

9.8	Z	1	0.0622851714333665
9.8	Z	2	0.073665239080188
9.8	Z	3	0.0794591356328989
9.8	Z	4	0.0810357311388393
9.8	Z	5	0.0791566209133871
9.8	Z	6	0.0748615095925608
9.8	Z	7	0.0688513080364007
9.8	Z	8	0.0617219545255784
9.8	Z	9	0.0539034365452355
9.8	Z	10	0.0457262673316543
9.8	Z	11	0.0374345987464341
9.8	Z	12	0.0290758810292182
9.8	Z	13	0.0207450264813562
9.8	Z	14	0.0124319490277363
9.8	Z	15	0.00413419975323284
9.8	Z	16	-0.00414849576173033
9.8	Z	17	-0.0124393519368961
9.8	Z	18	-0.0207507213477168
9.8	Z	19	-0.0290810825705393
9.8	Z	20	-0.0374285948275635
9.8	Z	21	-0.0457224271116107
9.8	Z	22	-0.0539031487452103
9.8	Z	23	-0.0617186635227875
9.8	Z	24	-0.068849491281601
9.8	Z	25	-0.074857815561492
9.8	Z	26	-0.0791553909058102
9.8	Z	27	-0.0810324258166548
9.8	Z	28	-0.0794588323651131
9.8	Z	29	-0.0736642675577185
9.8	Z	30	-0.062281325422264

9.9	Z	1	0.0596465402853814
9.9	Z	2	0.0707919826731506
9.9	Z	3	0.0765580746684868
9.9	Z	4	0.0782175203310473
9.9	Z	5	0.0765651212208844
9.9	Z	6	0.0725385776154697
9.9	Z	7	0.0667928386193293
9.9	Z	8	0.0599450100923187
9.9	Z	9	0.0523829756980995
9.9	Z	10	0.0444406025788871
9.9	Z	11	0.0363702715650114
9.9	Z	12	0.0282345572854197
9.9	Z	13	0.0201308978795385
9.9	Z	14	0.0120533890320164
9.9	Z	15	0.00401072671465562
9.9	Z	16	-0.00402411471094632
9.9	Z	17	-0.0120617634379528
9.9	Z	18	-0.0201355464328571
9.9	Z	19	-0.0282400235909735
9.9	Z	20	-0.036365164734829
9.9	Z	21	-0.0444363893582871
9.9	Z	22	-0.0523829498082171
9.9	Z	23	-0.0599416068055248
9.9	Z	24	-0.0667908717137061
9.9	Z	25	-0.0725343167642458
9.9	Z	26	-0.0765632825761644
9.9	Z	27	-0.0782154016767511
9.9	Z	28	-0.0765570349528024
9.9	Z	29	-0.0707915192646317
9.9	Z	30	-0.0596430942887152

10	Z	1	0.0571035310430732
10	Z	2	0.0680015315086021
10	Z	3	0.0737500349581949
10	Z	4	0.0754804663596004
10	Z	5	0.0740401964615155
10	Z	6	0.0702695033690688
10	Z	7	0.0647913934880249
10	Z	8	0.0582094982648222
10	Z	9	0.0508973572662028
10	Z	10	0.0431951393344598
10	Z	11	0.0353367615465125
10	Z	12	0.0274259945558175
10	Z	13	0.0195403393067793
10	Z	14	0.011694005822148
10	Z	15	0.00389203284005648
10	Z	16	-0.00390447788464434
10	Z	17	-0.011703443953512
10	Z	18	-0.019544199569822
10	Z	19	-0.0274310122680597
10	Z	20	-0.035333096698374
10	Z	21	-0.043190717042792
10	Z	22	-0.050896828170526
10	Z	23	-0.0582066168743898
10	Z	24	-0.0647887914473564
10	Z	25	-0.0702653195285357
10	Z	26	-0.0740371388862616
10	Z	27	-0.0754794661489648
10	Z	28	-0.0737484280077788
10	Z	29	-0.0680016949388015
10	Z	30	-0.0571005143149782

