#time	operator	index	value
0	X	1	0
0	Y	1	0
0	Z	1	1
0	X	2	0
0	Y	2	0
0	Z	2	1
0	X	3	0
0	Y	3	0
0	Z	3	1
0	X	4	0
0	Y	4	0
0	Z	4	1
0	X	5	0
0	Y	5	0
0	Z	5	1
0	X	6	0
0	Y	6	0
0	Z	6	1
0	X	7	0
0	Y	7	0
0	Z	7	1
0	X	8	0
0	Y	8	0
0	Z	8	1
0	X	9	0
0	Y	9	0
0	Z	9	1
0	X	10	0
0	Y	10	0
0	Z	10	1
0	X	11	0
0	Y	11	0
0	Z	11	1
0	X	12	0
0	Y	12	0
0	Z	12	1
0	X	13	0
0	Y	13	0
0	Z	13	1
0	X	14	0
0	Y	14	0
0	Z	14	1
0	X	15	0
0	Y	15	0
0	Z	15	1
0	X	16	0
0	Y	16	0
0	Z	16	-1
0	X	17	0
0	Y	17	0
0	Z	17	-1
0	X	18	0
0	Y	18	0
0	Z	18	-1
0	X	19	0
0	Y	19	0
0	Z	19	-1
0	X	20	0
0	Y	20	0
0	Z	20	-1
0	X	21	0
0	Y	21	0
0	Z	21	-1
0	X	22	0
0	Y	22	0
0	Z	22	-1
0	X	23	0
0	Y	23	0
0	Z	23	-1
0	X	24	0
0	Y	24	0
0	Z	24	-1
0	X	25	0
0	Y	25	0
0	Z	25	-1
0	X	26	0
0	Y	26	0
0	Z	26	-1
0	X	27	0
0	Y	27	0
0	Z	27	-1
0	X	28	0
0	Y	28	0
0	Z	28	-1
0	X	29	0
0	Y	29	0
0	Z	29	-1
0	X	30	0
0	Y	30	0
0	Z	30	-1

0.1	X	1	-3.82827843438519e-175
0.1	Y	1	1.39512179625647e-174
0.1	Z	1	0.980198673307293
0.1	X	2	8.46581333046069e-157
0.1	Y	2	-2.89811767549133e-157
0.1	Z	2	0.980198673307293
0.1	X	3	-1.39415609916618e-137
0.1	Y	3	1.98238136825606e-137
0.1	Z	3	0.980198673307293
0.1	X	4	-2.21880639563296e-119
0.1	Y	4	-3.370871527615e-119
0.1	Z	4	0.980198673307293
0.1	X	5	-2.45372167976448e-100
0.1	Y	5	3.33692344797033e-100
0.1	Z	5	0.980198673307293
0.1	X	6	-5.90535183506709e-82
0.1	Y	6	-2.73142731725063e-82
0.1	Z	6	0.980198673307293
0.1	X	7	-7.31130897886094e-64
0.1	Y	7	1.67421128880135e-63
0.1	Z	7	0.980198673307293
0.1	X	8	2.01540178973848e-43
0.1	Y	8	-6.35560976877424e-44
0.1	Z	8	0.980198673307293
0.1	X	9	-1.72071660489193e-26
0.1	Y	9	-9.07319413602841e-25
0.1	Z	9	0.980198673307293
0.1	X	10	-1.32322416874171e-22
0.1	Y	10	7.37131094134414e-22
0.1	Z	10	0.980198673307294
0.1	X	11	2.6250878023653e-20
0.1	Y	11	-1.08931886369943e-22
0.1	Z	11	0.980198673307481
0.1	X	12	-2.82304650411765e-20
0.1	Y	12	-1.52594822576981e-18
0.1	Z	12	0.980198674342508
0.1	X	13	-1.75640277676665e-17
0.1	Y	13	1.87996181224324e-18
0.1	Z	13	0.980195344324728
0.1	X	14	9.88590172389289e-18
0.1	Y	14	2.26553276638019e-18
0.1	Z	14	0.979435581919893
0.1	X	15	1.2050362719995e-17
0.1	Y	15	-1.11060733042188e-18
0.1	Z	15	0.905106752232297
0.1	X	16	-1.07285178685622e-16
0.1	Y	16	-4.25382318030084e-17
0.1	Z	16	-0.905105528262178
0.1	X	17	-6.90830678356372e-16
0.1	Y	17	-4.56347090238088e-16
0.1	Z	17	-0.979436793663896
0.1	X	18	2.53785306696105e-16
0.1	Y	18	1.50978922839751e-16
0.1	Z	18	-0.980195358170072
0.1	X	19	1.89680858239831e-17
0.1	Y	19	-3.32866880981967e-17
0.1	Z	19	-0.980198673796809
0.1	X	20	-1.43164627324589e-17
0.1	Y	20	-4.29875857286757e-18
0.1	Z	20	-0.980198673307413
0.1	X	21	-3.88891896453371e-19
0.1	Y	21	9.85986586123086e-19
0.1	Z	21	-0.980198673307293
0.1	X	22	1.16113354663057e-20
0.1	Y	22	6.11507883344695e-21
0.1	Z	22	-0.980198673307293
0.1	X	23	-4.52472423327764e-38
0.1	Y	23	6.14265060932015e-38
0.1	Z	23	-0.980198673307293
0.1	X	24	-1.86250072127232e-58
0.1	Y	24	1.10752546291309e-47
0.1	Z	24	-0.980198673307293
0.1	X	25	-1.26671796772268e-64
0.1	Y	25	-9.1811461834816e-49
0.1	Z	25	-0.980198673307293
0.1	X	26	-7.1076397103001e-63
0.1	Y	26	2.73584807503378e-47
0.1	Z	26	-0.980198673307292
0.1	X	27	-2.25286384831629e-63
0.1	Y	27	8.51957696834818e-48
0.1	Z	27	-0.980198673307292
0.1	X	28	1.41519188836222e-64
0.1	Y	28	-2.84935293743325e-49
0.1	Z	28	-0.980198673307293
0.1	X	29	3.25405740415068e-64
0.1	Y	29	1.56716489735297e-48
0.1	Z	29	-0.980198673307293
0.1	X	30	1.84333580365243e-64
0.1	Y	30	-7.32317175566565e-49
0.1	Z	30	-0.980198673307292

0.2	X	1	-3.55962252824426e-53
0.2	Y	1	-1.61936845463742e-52
0.2	Z	1	0.960789439153376
0.2	X	2	8.22954211151236e-35
0.2	Y	2	1.42420776876526e-35
0.2	Z	2	0.960789439153376
0.2	X	3	5.79099501950062e-33
0.2	Y	3	-2.99903415645229e-33
0.2	Z	3	0.960789439153376
0.2	X	4	9.36330280177912e-30
0.2	Y	4	-7.43620308548669e-31
0.2	Z	4	0.960789439153376
0.2	X	5	-2.48024201490362e-28
0.2	Y	5	-5.97000603255165e-28
0.2	Z	5	0.960789439153376
0.2	X	6	-3.27210888650567e-26
0.2	Y	6	3.92567934431213e-26
0.2	Z	6	0.960789439153376
0.2	X	7	-1.22789642873319e-24
0.2	Y	7	-1.53584295844087e-24
0.2	Z	7	0.960789439153376
0.2	X	8	-7.08764616166124e-20
0.2	Y	8	-1.84222577524861e-20
0.2	Z	8	0.960789439153376
0.2	X	9	-4.97275239462051e-19
0.2	Y	9	2.25508159413289e-18
0.2	Z	9	0.960789439153401
0.2	X	10	4.22730463005898e-17
0.2	Y	10	8.61205956946283e-18
0.2	Z	10	0.96078943916734
0.2	X	11	-7.48684891366342e-18
0.2	Y	11	-6.42913279868985e-18
0.2	Z	11	0.960789431169626
0.2	X	12	-3.11446489160205e-17
0.2	Y	12	5.15010546366632e-17
0.2	Z	12	0.960787491942915
0.2	X	13	-1.25756906363172e-17
0.2	Y	13	1.52932205235947e-17
0.2	Z	13	0.960591024114832
0.2	X	14	2.15654828895539e-17
0.2	Y	14	-6.29026794070763e-17
0.2	Z	14	0.949951180705285
0.2	X	15	-9.03171819453792e-17
0.2	Y	15	-1.02178467075526e-16
0.2	Z	15	0.701766544228209
0.2	X	16	-9.40712458874377e-17
0.2	Y	16	6.58939963420697e-18
0.2	Z	16	-0.701763568547587
0.2	X	17	-8.20601354934271e-16
0.2	Y	17	-1.74226001495528e-16
0.2	Z	17	-0.949953923309771
0.2	X	18	6.32455115639752e-17
0.2	Y	18	-5.4157896080492e-16
0.2	Z	18	-0.960591246409195
0.2	X	19	-6.44527054404205e-17
0.2	Y	19	-1.65058677444773e-16
0.2	Z	19	-0.960787499537287
0.2	X	20	-1.33369372931746e-17
0.2	Y	20	-3.3185220172856e-17
0.2	Z	20	-0.960789433140203
0.2	X	21	2.8016661505622e-17
0.2	Y	21	1.37556822039554e-17
0.2	Z	21	-0.960789439169371
0.2	X	22	5.07849785087123e-19
0.2	Y	22	-1.28569683070186e-18
0.2	Z	22	-0.960789439153398
0.2	X	23	-7.20031964441503e-21
0.2	Y	23	-1.67313842940054e-20
0.2	Z	23	-0.960789439153375
0.2	X	24	-4.70070376044713e-22
0.2	Y	24	-2.21545060061448e-21
0.2	Z	24	-0.960789439153375
0.2	X	25	5.01288126251288e-24
0.2	Y	25	4.93443987390529e-23
0.2	Z	25	-0.960789439153375
0.2	X	26	-4.17893671444173e-25
0.2	Y	26	6.60803106268576e-25
0.2	Z	26	-0.960789439153375
0.2	X	27	-6.41574966633693e-27
0.2	Y	27	1.19736414444157e-26
0.2	Z	27	-0.960789439153375
0.2	X	28	4.96281772310964e-28
0.2	Y	28	1.12300736792374e-28
0.2	Z	28	-0.960789439153375
0.2	X	29	-2.86808047292615e-31
0.2	Y	29	-2.73777663797238e-30
0.2	Z	29	-0.960789439153375
0.2	X	30	-6.02429991809938e-47
0.2	Y	30	-3.93747924416628e-47
0.2	Z	30	-0.960789439153375

0.3	X	1	3.16808514295166e-32
0.3	Y	1	-1.59246436689124e-31
0.3	Z	1	0.941764533585796
0.3	X	2	8.585860097906e-30
0.3	Y	2	-2.55500145847288e-29
0.3	Z	2	0.941764533585796
0.3	X	3	-2.68634795113755e-27
0.3	Y	3	-2.1306800398594e-28
0.3	Z	3	0.941764533585796
0.3	X	4	3.23497013561677e-26
0.3	Y	4	1.48221242571624e-25
0.3	Z	4	0.941764533585796
0.3	X	5	3.08160704365662e-24
0.3	Y	5	5.15071750371017e-26
0.3	Z	5	0.941764533585796
0.3	X	6	-8.11222958784557e-23
0.3	Y	6	-1.80716197562542e-22
0.3	Z	6	0.941764533585796
0.3	X	7	-1.55900602586299e-20
0.3	Y	7	-8.6001503737927e-19
0.3	Z	7	0.941764533585796
0.3	X	8	-1.50538357030007e-17
0.3	Y	8	-6.9311806452346e-18
0.3	Z	8	0.941764533585717
0.3	X	9	-1.00496291773817e-16
0.3	Y	9	2.15519442733773e-16
0.3	Z	9	0.941764533568278
0.3	X	10	3.89352143031406e-17
0.3	Y	10	-1.96275075698454e-18
0.3	Z	10	0.941764529691928
0.3	X	11	-9.3917411782044e-17
0.3	Y	11	3.91858985981306e-17
0.3	Z	11	0.941763883743747
0.3	X	12	1.09175526597989e-16
0.3	Y	12	1.20776020440246e-16
0.3	Z	12	0.941718885571211
0.3	X	13	3.75739599112288e-17
0.3	Y	13	-1.45609494973217e-16
0.3	Z	13	0.939805334024585
0.3	X	14	-1.77691896055793e-16
0.3	Y	14	-9.19594818893333e-17
0.3	Z	14	0.895829160035666
0.3	X	15	1.66092384568459e-16
0.3	Y	15	-1.582796316422e-16
0.3	Z	15	0.478930543302991
0.3	X	16	-1.13513311262646e-16
0.3	Y	16	1.8047228342202e-16
0.3	Z	16	-0.478927382052801
0.3	X	17	-7.5180011739495e-16
0.3	Y	17	-8.80409666300664e-16
0.3	Z	17	-0.895831550590315
0.3	X	18	-1.83537334147853e-16
0.3	Y	18	-1.85587273432235e-16
0.3	Z	18	-0.939806038868475
0.3	X	19	-2.03622242701311e-16
0.3	Y	19	2.39818165826961e-17
0.3	Z	19	-0.941718941548955
0.3	X	20	1.25609456505597e-16
0.3	Y	20	7.38714810307007e-17
0.3	Z	20	-0.941763884183624
0.3	X	21	-5.14885460257528e-17
0.3	Y	21	1.63512579456703e-16
0.3	Z	21	-0.941764529294198
0.3	X	22	-5.1032030250482e-18
0.3	Y	22	-3.38762350498214e-17
0.3	Z	22	-0.941764533573659
0.3	X	23	-2.44213142343577e-18
0.3	Y	23	5.74254374287972e-19
0.3	Z	23	-0.941764533585744
0.3	X	24	1.80902979891487e-20
0.3	Y	24	8.40259823215897e-20
0.3	Z	24	-0.941764533585796
0.3	X	25	2.54344703115523e-21
0.3	Y	25	2.93057602213423e-22
0.3	Z	25	-0.941764533585796
0.3	X	26	-1.6727593576745e-22
0.3	Y	26	-2.75833055861849e-22
0.3	Z	26	-0.941764533585796
0.3	X	27	-1.4656502221065e-23
0.3	Y	27	3.79021859986016e-24
0.3	Z	27	-0.941764533585796
0.3	X	28	1.0455542955143e-25
0.3	Y	28	4.41591594927249e-25
0.3	Z	28	-0.941764533585796
0.3	X	29	6.47258252576839e-27
0.3	Y	29	-1.09444437391414e-27
0.3	Z	29	-0.941764533585796
0.3	X	30	-8.3799169328011e-29
0.3	Y	30	-6.79678629856527e-29
0.3	Z	30	-0.941764533585796

0.4	X	1	4.14354976708056e-28
0.4	Y	1	-8.65182253242679e-28
0.4	Z	1	0.923116275205731
0.4	X	2	-2.98597410288167e-26
0.4	Y	2	-3.94887885746326e-27
0.4	Z	2	0.923116275205731
0.4	X	3	1.29945737715703e-25
0.4	Y	3	6.38916940641814e-25
0.4	Z	3	0.923116275205731
0.4	X	4	1.33720085559149e-23
0.4	Y	4	-8.84783501668916e-24
0.4	Z	4	0.923116275205731
0.4	X	5	-1.28327611444875e-22
0.4	Y	5	5.00226851085439e-22
0.4	Z	5	0.923116275205731
0.4	X	6	5.34343397048414e-12
0.4	Y	6	-2.86620074553982e-12
0.4	Z	6	0.923116275205731
0.4	X	7	4.66075322569524e-14
0.4	Y	7	2.87224784565301e-13
0.4	Z	7	0.923116275205764
0.4	X	8	-4.48372975246224e-12
0.4	Y	8	-4.40290490863474e-12
0.4	Z	8	0.923116275198362
0.4	X	9	-4.39000390917324e-13
0.4	Y	9	5.22973966031328e-13
0.4	Z	9	0.923116273887459
0.4	X	10	4.81556381154423e-12
0.4	Y	10	3.96693675849959e-12
0.4	Z	10	0.923116115121926
0.4	X	11	2.8887311838348e-12
0.4	Y	11	-3.92325349019115e-13
0.4	Z	11	0.923105872809314
0.4	X	12	-8.4976452990941e-12
0.4	Y	12	-3.05374673213208e-12
0.4	Z	12	0.922725601982942
0.4	X	13	5.81647442849318e-12
0.4	Y	13	-1.5221818148076e-12
0.4	Z	13	0.91402335208663
0.4	X	14	-3.00833486480905e-13
0.4	Y	14	-8.02105094745691e-12
0.4	Z	14	0.809032715691479
0.4	X	15	-3.90519283952264e-12
0.4	Y	15	1.91523738821207e-11
0.4	Z	15	0.317673040083891
0.4	X	16	9.96249287539404e-12
0.4	Y	16	1.0646095211388e-11
0.4	Z	16	-0.317671386585339
0.4	X	17	-9.01541904128167e-12
0.4	Y	17	9.72803012595702e-12
0.4	Z	17	-0.809033235848738
0.4	X	18	1.25017128117007e-11
0.4	Y	18	-8.35344685686449e-12
0.4	Z	18	-0.914024248488291
0.4	X	19	-1.48416840219304e-11
0.4	Y	19	-1.47661488237903e-11
0.4	Z	19	-0.922725814044904
0.4	X	20	-4.66482749473685e-12
0.4	Y	20	3.93738651527523e-12
0.4	Z	20	-0.923105889057638
0.4	X	21	1.76614776486216e-12
0.4	Y	21	3.94185780192266e-12
0.4	Z	21	-0.92311611298323
0.4	X	22	1.23604067380158e-12
0.4	Y	22	-3.03279538337982e-12
0.4	Z	22	-0.923116273873253
0.4	X	23	-6.12567202552078e-13
0.4	Y	23	-1.86672155828269e-13
0.4	Z	23	-0.923116275196289
0.4	X	24	-1.66845232428434e-14
0.4	Y	24	4.87654743162329e-14
0.4	Z	24	-0.923116275205751
0.4	X	25	4.88438233343078e-16
0.4	Y	25	6.78853383281258e-16
0.4	Z	25	-0.923116275205731
0.4	X	26	-9.23590470947056e-22
0.4	Y	26	1.31677872055277e-21
0.4	Z	26	-0.923116275205731
0.4	X	27	2.96716365810861e-22
0.4	Y	27	4.68614158122614e-22
0.4	Z	27	-0.923116275205731
0.4	X	28	3.99164297931295e-25
0.4	Y	28	-8.63936970541898e-24
0.4	Z	28	-0.923116275205731
0.4	X	29	5.7008847377819e-27
0.4	Y	29	-2.19877603233727e-26
0.4	Z	29	-0.923116275205731
0.4	X	30	-4.51048575826657e-27
0.4	Y	30	-3.32031447796709e-26
0.4	Z	30	-0.923116275205731

0.5	X	1	2.71399303973758e-20
0.5	Y	1	7.98875398712047e-20
0.5	Z	1	0.904837418038437
0.5	X	2	2.70208432649075e-18
0.5	Y	2	-3.20562168865202e-19
0.5	Z	2	0.904837418038437
0.5	X	3	-3.68352673675742e-18
0.5	Y	3	-7.97548678801358e-17
0.5	Z	3	0.904837418038437
0.5	X	4	-1.54841093791751e-15
0.5	Y	4	1.96236601084351e-16
0.5	Z	4	0.904837418038437
0.5	X	5	3.62413569985464e-15
0.5	Y	5	2.23413039877285e-14
0.5	Z	5	0.904837418038437
0.5	X	6	5.02615479653762e-12
0.5	Y	6	-3.3202637030309e-12
0.5	Z	6	0.904837418038424
0.5	X	7	-1.86937135672218e-14
0.5	Y	7	-4.07483941714884e-13
0.5	Z	7	0.90483741803349
0.5	X	8	-3.30640537353714e-12
0.5	Y	8	-1.34711737447397e-12
0.5	Z	8	0.904837417491783
0.5	X	9	-5.85863142480373e-14
0.5	Y	9	-1.32812413115867e-12
0.5	Z	9	0.904837371488752
0.5	X	10	3.95009162511189e-12
0.5	Y	10	1.88865872591348e-12
0.5	Z	10	0.904835049407983
0.5	X	11	5.33365423697849e-12
0.5	Y	11	-3.14832053553325e-12
0.5	Z	11	0.90475502542275
0.5	X	12	-1.10361092243966e-11
0.5	Y	12	2.27360114428383e-11
0.5	Z	12	0.902925999787217
0.5	X	13	-8.56354259971678e-12
0.5	Y	13	1.29744609460444e-11
0.5	Z	13	0.877582280088543
0.5	X	14	-5.59917706782394e-12
0.5	Y	14	1.10800120928373e-11
0.5	Z	14	0.699695997287679
0.5	X	15	6.92904913745679e-12
0.5	Y	15	1.10332954686487e-11
0.5	Z	15	0.250717039659834
0.5	X	16	-7.53850451567118e-14
0.5	Y	16	1.22643531471965e-11
0.5	Z	16	-0.250716646116328
0.5	X	17	1.12202739058998e-11
0.5	Y	17	-7.92965995444527e-12
0.5	Z	17	-0.699695869603658
0.5	X	18	-8.45997789683637e-12
0.5	Y	18	-1.18225922860909e-11
0.5	Z	18	-0.877582337582741
0.5	X	19	-2.26316910112375e-12
0.5	Y	19	4.9749824609076e-13
0.5	Z	19	-0.902926388654175
0.5	X	20	-1.05532779213614e-11
0.5	Y	20	2.03443183969466e-12
0.5	Z	20	-0.904755092083563
0.5	X	21	-1.65724547235754e-11
0.5	Y	21	-1.54010623668528e-13
0.5	Z	21	-0.904835050292452
0.5	X	22	5.08885150138035e-12
0.5	Y	22	6.06137122000645e-12
0.5	Z	22	-0.9048373704071
0.5	X	23	8.13768287865231e-13
0.5	Y	23	-1.4381803767251e-12
0.5	Z	23	-0.904837417477638
0.5	X	24	-1.87040079679641e-13
0.5	Y	24	-7.12061826828474e-14
0.5	Z	24	-0.904837418035566
0.5	X	25	-6.34046012908935e-15
0.5	Y	25	1.53130837744397e-14
0.5	Z	25	-0.904837418038438
0.5	X	26	-9.89232977338073e-18
0.5	Y	26	-1.12260074726084e-16
0.5	Z	26	-0.904837418038438
0.5	X	27	2.84771783490001e-18
0.5	Y	27	1.51178464776419e-18
0.5	Z	27	-0.904837418038437
0.5	X	28	-9.61403431983768e-20
0.5	Y	28	-1.48195220849907e-19
0.5	Z	28	-0.904837418038437
0.5	X	29	-6.21948598291682e-21
0.5	Y	29	4.75159515490307e-21
0.5	Z	29	-0.904837418038437
0.5	X	30	1.2189348345354e-22
0.5	Y	30	1.76329769817133e-22
0.5	Z	30	-0.904837418038437

0.6	X	1	3.17888755972999e-18
0.6	Y	1	5.18115996671719e-18
0.6	Z	1	0.886920436720072
0.6	X	2	7.39247902826141e-17
0.6	Y	2	-5.27087395686652e-17
0.6	Z	2	0.886920436720071
0.6	X	3	-6.54766441485776e-16
0.6	Y	3	-9.2267884189805e-16
0.6	Z	3	0.886920436720072
0.6	X	4	-9.12295396253471e-15
0.6	Y	4	6.3740386118718e-15
0.6	Z	4	0.886920436720072
0.6	X	5	3.53072734794452e-13
0.6	Y	5	4.18139886847228e-13
0.6	Z	5	0.886920436720098
0.6	X	6	4.49455388233122e-12
0.6	Y	6	-3.77314713828787e-12
0.6	Z	6	0.88692043671918
0.6	X	7	-1.29631049470189e-12
0.6	Y	7	-1.66206826499962e-12
0.6	Z	7	0.886920436624727
0.6	X	8	-2.45507027679923e-12
0.6	Y	8	1.04747799472083e-12
0.6	Z	8	0.886920424361216
0.6	X	9	1.79574373437674e-12
0.6	Y	9	-4.07460008883686e-12
0.6	Z	9	0.886919891543893
0.6	X	10	-4.95174386002692e-12
0.6	Y	10	3.65759269620893e-12
0.6	Z	10	0.886902421810732
0.6	X	11	1.24824773076151e-11
0.6	Y	11	-5.90362813222775e-12
0.6	Z	11	0.886503011097455
0.6	X	12	-4.33937657398975e-12
0.6	Y	12	2.22745167612758e-11
0.6	Z	12	0.880450182608637
0.6	X	13	-1.54633374689579e-11
0.6	Y	13	1.27482519997961e-11
0.6	Z	13	0.826220510969803
0.6	X	14	1.77833666675993e-12
0.6	Y	14	2.23143539230752e-11
0.6	Z	14	0.59333600728021
0.6	X	15	1.71965381202251e-11
0.6	Y	15	6.07560197720997e-13
0.6	Z	15	0.255896096225408
0.6	X	16	-5.93066522672009e-12
0.6	Y	16	8.74141367963147e-12
0.6	Z	16	-0.255894564218816
0.6	X	17	1.17826715925882e-11
0.6	Y	17	1.12210588726403e-12
0.6	Z	17	-0.593338754301724
0.6	X	18	-7.29001975624894e-12
0.6	Y	18	-5.41138553574419e-12
0.6	Z	18	-0.826218864000827
0.6	X	19	1.21476384062646e-12
0.6	Y	19	-5.4422526855764e-12
0.6	Z	19	-0.88045044692545
0.6	X	20	-1.30061643244191e-11
0.6	Y	20	1.53648323900566e-12
0.6	Z	20	-0.886503162226419
0.6	X	21	-1.42331571269033e-11
0.6	Y	21	2.91240805244608e-12
0.6	Z	21	-0.886902436740849
0.6	X	22	1.41520822790951e-12
0.6	Y	22	1.0783598444414e-11
0.6	Z	22	-0.886919888229974
0.6	X	23	3.15088470543374e-12
0.6	Y	23	-2.96567638654953e-13
0.6	Z	23	-0.886920423540232
0.6	X	24	-1.09645733717477e-13
0.6	Y	24	-5.01010843353945e-13
0.6	Z	24	-0.886920436602335
0.6	X	25	-5.96518386553524e-14
0.6	Y	25	1.49386456058473e-14
0.6	Z	25	-0.886920436718996
0.6	X	26	1.2134367777213e-15
0.6	Y	26	4.80647462065471e-15
0.6	Z	26	-0.886920436720098
0.6	X	27	-9.43684065615949e-17
0.6	Y	27	-2.98407415059999e-17
0.6	Z	27	-0.886920436720071
0.6	X	28	-1.73368595074532e-18
0.6	Y	28	3.78247608751602e-18
0.6	Z	28	-0.886920436720072
0.6	X	29	-2.52352065883368e-19
0.6	Y	29	-1.8196259920566e-20
0.6	Z	29	-0.886920436720072
0.6	X	30	6.58280747391923e-21
0.6	Y	30	1.26732078298822e-20
0.6	Z	30	-0.886920436720072

0.7	X	1	5.57261047148374e-17
0.7	Y	1	3.41692109865906e-17
0.7	Z	1	0.869358235402139
0.7	X	2	2.91886081590902e-16
0.7	Y	2	-5.78499883758665e-16
0.7	Z	2	0.869358235402139
0.7	X	3	-4.73396698763273e-15
0.7	Y	3	-2.59397115684179e-15
0.7	Z	3	0.869358235402139
0.7	X	4	-6.85648292702057e-14
0.7	Y	4	6.74076012827025e-14
0.7	Z	4	0.86935823540215
0.7	X	5	6.37416810213086e-13
0.7	Y	5	7.74176201580794e-13
0.7	Z	5	0.869358235401748
0.7	X	6	3.66004065441989e-12
0.7	Y	6	-3.95786561492493e-12
0.7	Z	6	0.869358235366565
0.7	X	7	-2.44610484780241e-12
0.7	Y	7	-2.25243550190376e-12
0.7	Z	7	0.869358232036839
0.7	X	8	1.65466980274319e-13
0.7	Y	8	-2.12166406687587e-12
0.7	Z	8	0.869358104148759
0.7	X	9	-1.17884723782273e-11
0.7	Y	9	-2.49072730634281e-12
0.7	Z	9	0.869354197320452
0.7	X	10	-6.71339439885829e-12
0.7	Y	10	5.94535745383543e-12
0.7	Z	10	0.869264574437258
0.7	X	11	6.66862937165547e-12
0.7	Y	11	-7.31036651782828e-12
0.7	Z	11	0.867819201746198
0.7	X	12	1.06054504968969e-11
0.7	Y	12	1.67890748455799e-11
0.7	Z	12	0.852612138337624
0.7	X	13	-9.88486234029425e-12
0.7	Y	13	2.55430268457346e-11
0.7	Z	13	0.761227036668058
0.7	X	14	3.73249576927334e-12
0.7	Y	14	1.73027962309126e-11
0.7	Z	14	0.516578651948026
0.7	X	15	1.61986759445036e-11
0.7	Y	15	-3.70086291391716e-12
0.7	Z	15	0.281003063428695
0.7	X	16	-1.0920648105242e-11
0.7	Y	16	2.87326467829356e-12
0.7	Z	16	-0.280997668581823
0.7	X	17	1.22391571359131e-11
0.7	Y	17	1.02799059028046e-11
0.7	Z	17	-0.516587022089545
0.7	X	18	2.96433754161652e-12
0.7	Y	18	-2.10285861896821e-11
0.7	Z	18	-0.761224362062008
0.7	X	19	-5.63017998539489e-12
0.7	Y	19	-1.88645939938041e-12
0.7	Z	19	-0.852611600039422
0.7	X	20	-1.84420416993849e-11
0.7	Y	20	6.16377726305843e-12
0.7	Z	20	-0.867819390594686
0.7	X	21	-5.98803407556232e-12
0.7	Y	21	3.33153479084239e-12
0.7	Z	21	-0.869264623777869
0.7	X	22	-6.89360092744352e-12
0.7	Y	22	7.72066873770487e-12
0.7	Z	22	-0.869354198997259
0.7	X	23	4.74587101504501e-12
0.7	Y	23	1.97192488061512e-12
0.7	Z	23	-0.869358103051353
0.7	X	24	4.8343338549572e-13
0.7	Y	24	-1.39560503064717e-12
0.7	Z	24	-0.869358232056098
0.7	X	25	-1.98725955314558e-13
0.7	Y	25	-9.4198128003427e-14
0.7	Z	25	-0.869358235373505
0.7	X	26	-1.2625315396241e-14
0.7	Y	26	1.97256978019679e-14
0.7	Z	26	-0.869358235401813
0.7	X	27	1.39231908246692e-15
0.7	Y	27	9.89064355768071e-16
0.7	Z	27	-0.869358235402149
0.7	X	28	-4.99941679340081e-17
0.7	Y	28	3.86653200839694e-17
0.7	Z	28	-0.869358235402138
0.7	X	29	-2.37062929308487e-18
0.7	Y	29	2.86303521763343e-18
0.7	Z	29	-0.869358235402139
0.7	X	30	5.94607026860953e-20
0.7	Y	30	7.63741178687584e-20
0.7	Z	30	-0.869358235402139

